0.522839 1.33297 0 3.75373 6.94847 0 0 0 0 
0.526153 1.33838 0 0.510129 0 0 0 0 0 
0.526649 1.39809 0 0.515781 0 0 0 0 0 
0.492668 1.32205 0 0.374962 0 0 0 0 0 
0.478095 1.29273 0 0.352176 0 0 0 0 0 
0.498094 1.26903 0 0.366517 0 0 0 0 0 
0.492766 1.34003 0 0.528965 0 0 0 0 0 
0.51321 1.38515 0 0.416643 0 0 0 0 0 
0.585438 1.7106 0 2.15406 0 0 0 0 0 
0.582463 1.48249 0 1.00999 0 0 0 0 0 
0.549763 1.33744 0 0.502292 0 0 0 0 0 
0.498042 1.36391 0 0.566742 0 0 0 0 0 
0.556217 1.48209 0 0.598258 0 0 0 0 0 
0.575067 1.47271 0 0.411685 0 0 0 0 0 
0.521861 1.42311 0 0.479762 0 0 0 0 0 
0.533611 1.35037 0 0.433588 0 0 0 0 0 
0.542492 1.299 0 0.389053 0 0 0 0 0 
0.534785 1.3056 0 0.366103 0 0 0 0 0 
0.549823 1.3535 0 0.755924 0 0 0 0 0 
0.575984 1.61338 0 0.574285 0 0 0 0 0 
0.559814 1.51334 0 0.671466 0 0 0 0 0 
0.601268 1.53561 0 0.549075 0 0 0 0 0 
0.530427 1.49212 0 0.425187 0 0 0 0 0 
0.502768 1.33545 0 0.365612 0 0 0 0 0 
0.534585 1.35657 0 0.374 0 0 0 0 0 
