0.5672445878071881
0.3572040028328747
0.3004510317485228
0.3468977270724302
0.43559680426981645
0.15056617341748918
0.18472647270236284
0.2518147025102199
0.15762546092119012
0.19684169613021615
0.2389910685600113
0
0.08749293432924579
0
0.20601976670506927
0.7024874606885084
0.5313130475067884
0.967306737679138
0.9865180585061156
0.292870997190245
0.3512360608498375
0.37212708323216437
0.26822635251794436
0.2516747675398456
0.1473266078481417
0.12447354427228866
0.24939979680279079
0.24984998672415712
0.2494795850616874
0.2496158425989036
0.24955708472755872
0.2634291889189025
0.24781312571560443
0.2492082456059937
0.3131309377911051
0.582579638424291
0.6880546225588402
0.20652026144843316
0.1779484160811967
0.21806998065240973
0.200053064969185
0.020857841756269806
0.0902048667468252
0.2493161355036385
0.24921274301071464
0.24938401327398546
0.24922312323252846
0.249607583984567
0.24903718265892547
0.24917320061832396
0.24903367004796811
0.25014983597595164
0.24977574365560937
0.24979996912524222
0.2498990658885575
1
0.953597012511016
0.9834668330736547
0.4837977943571714
0.9510682702008076
0.6848870576822098
0.6675195767628673
0.4675637202322286
0.3526200613903201
0.2523910958855521
0.3691576713204883
0.23171976670809225
0.1776835987374204
0.13203705905297802
0.03868138264474937
0.24618360725652474
0.24213861534586034
0.25248441950317296
0.24656659187895177
0.24402579733571456
0.25767327850309035
0.2525763471548679
0.24982267121362564
0.24891925670182158
0.23808369475068056
0.24184423973556327
0.2601725513403049
0.29889090208698194
0.3357996760746452
0.37754051225644053
0.2926974852752858
0.2702806551856078
0.2620883810808507
0.2536272848503343
0.25173890306965196
0.25186429552190426
0.24951372644554193
0.24884583764714163
0.25277918302617663
0.2507185258981669
0.25183013288538214
0.2529501458556646
0.24755375381761183
0.24886085805333388
0.25183192047813574
0.25641134736768134
0.2469545305469259
0.2460253723024394
0.25412608920575447
0.24987317091386485
0.24804067196645346
0.2429881995353385
0.24841149627211628
0.2473494709442312
0.24854901149533012
0.5334356642230641
0.7520508701372518
0.7735038970109743
0.2861394304644767
0.24429103655020565
0.2267375773821303
0.41505691702913444
0.2495044870811224
0.2496483372284855
0.24960061298092193
0.24905958953868845
0.24832340312830234
0.2478928559094195
0.32505302324380914
0.3652487718381286
0.3689692494047601
0.4710281270854175
0.4544901171718764
0.4841720168963683
0.2516555886512812
0.25034243113064014
0.2498566680575749
0.24836879487572422
0.24807690006937483
0.24853398641722174
0.2486856820180493
0.1455164472763743
0.1344971652273053
0.2368130935410139
0.2780249799971753
0.45309960942384137
0.36841163765351687
0.3720806228984339
0.248990837263079
0.24906913546901807
0.24868358717111183
0.24744211998659224
0.24980344207132
0.2515589986729008
0.25044043767782553
0.24957759359091125
0.2480755964079858
0.24956657941079327
0.2473830916424056
0.2475350253927882
0.24725413999360102
0.24693259723674713
0.24741310442656422
0.2286244655048304
0.14934493165879956
0.1720652185403516
0.20835831849422728
0.1375597361919776
0.25023857831379753
0.25124699045609067
0.22420687355333685
0.23742441836539593
0.22614617440162899
0.21384995236139132
0.3159482599568456
0.25406609612217085
0.2944870049088624
0.3649166930784263
0.4576015516278453
0.46064079579319245
0.6054777301577765
0.568349696480475
0.24754408808233258
0.24865768282511774
0.24862944246301066
0.24776974952518363
0.24869274900895846
0.24826524178517478
0.24794773771120707
0.24354388710477712
0.24844806171084327
0.24873925797030272
0.23384424043080573
0.2449855076283749
0.2506895948553733
0.24725220363426686
0.24866578329629235
0.24880039415292823
0.24879548959619777
0.2489217284313388
0.24918160438121
0.24892521560245698
0.249407645046096
0.24949706683275955
0.24959064279948096
0.24957330631073116
0.25052050291537264
0.25009320538777063
0.25102548060997576
0.2510669954558019
0.24773602372091483
0.2480895333297241
0.24520412300916314
0.24885876479963603
0.24861612196747773
0.2484239042532275
0.24923031315971422
0.24888941454385446
0.24898609154495013
0.2475163954968214
0.2484251250519132
0.24890104551311945
0.24777808794954762
0.2487719184917756
0.24885910624217802
0.2488633491233412
0.24938274699040863
0.25027011651408027
0.25082432465606447
0.24963735523192218
0.24878799928308215
0.249045992801662
0.24899602298981682
0.24840139805581787
0.2488819399461725
0.24868602210143875
0.24833341798638497
0.2486170199757389
0.2488195643263648
0.24953280708232917
0.24970482124720317
0.24968118666564654
0.24929421875632704
0.24945091724543572
0.1341573090353991
0.3489202681406716
0.12755672418130418
0.3279319088452256
0.3966195528595774
0.40971547835497935
0.47630906024185865
0.3997783740027622
0.2865424040746305
0.31450909011904976
0.33662264179850987
0.27337242573789383
0.22607970259266352
0.22652997430822966
0.2935291404256276
0.3046285834589336
0.23920925450008224
0.22058843621707278
0.2755824254100028
0.27083940933302797
0.4095317553104402
0.4243544658532031
0.3663864678046069
0.3323329118256781
0.31485841989117874
0.2618082200493336
0.24863082232922556
0.24874026325578805
0.2487504642560915
0.24438215910116354
0.24620429524844303
0.24555446626928382
0.24404307111969822
0.24577349905320944
0.24508417496577678
0.245069915894996
0.24590439981047724
0.24756754696390676
0.2472785224857996
0.24721818667086956
0.2475259479841167
0.24870231732762213
0.24844704554669603
0.24809930189386645
0.24853462946680557
0.24903468331586368
0.2465713308053911
0.24643840882416218
0.2487428410625869
0.2430933244650412
0.2433868107322442
0.2495358272077239
0.24856491135780182
0.2481526985918882
0.24902951106207688
0.2485396278859518
0.24811555493238266
0.2475421863353422
0.2487520419261361
0.24947773171290613
0.2494819709116867
0.2506664346393364
0.2504630844571126
0.24969163550049123
0.24907064844523458
0.10132054743428211
0
0.15041870410687772
0.2476707347562915
0.24815112723913976
0.24867368748288035
0.24771384726713822
0.24762716811911475
0.24831973423880885
0.2483611253127367
0.247910206374482
0.2484346335052424
0.42215620554062877
0.6095081010121763
0.23594973701412184
0.2763202040795913
0.18779457681937384
0.1908503764564442
0.14614599846211848
0.16368693147601873
0.24892759053221783
0.24905632124648863
0.24605844866887444
0.24851839558876326
0.25906485041637295
0.24553307397025223
0.3515131475408122
0.2491588013644914
0.24886575298446081
0.24882385617265587
1
0.9793894693711321
1
0.24776226562922746
0.24855759596521906
0.23832855244745277
0.2200179943804531
0.24881822864667683
0.24837245130899874
0.24850538833098693
0.24873121600006343
0.24875477885290942
0.24871212679706742
0.29640898488184575
0.37384278405114435
0.6553658821560255
1
1
0.9699725507093864
0.25062533225742406
0.25074321170474106
0.2477157371211672
0.1962476580548086
0.20333158552880604
0.24572529549428226
0.2553722805379483
0.34369416968693073
0.2866586305469833
0.34118433517087354
0.33309706566904107
0.46208976254711315
0.9659580892150381
0.6634238956063013
0.25116887862018294
0.25148522724322786
0.2488728730840492
0.24570809877978125
0.23352332946744506
0.24143547169498467
0.23418645574230162
0.23574138886476828
0.23664169707310576
0.2355495613992636
0.27366369823384534
0.27391525214660084
0.24406925059327422
0.28264779141366747
0.362029890839203
0.19986375117830668
0.27967992156887156
1
0.9011961975527609
1
1
1
0.24944050230227405
0.25003246007685986
0.24681903734702385
0.24770219019670184
0.2188000494764817
0.22472085393690225
0.18994173823290045
0.20789813487720651
0.30932381092685013
0.29229098106156487
0.8318594229872843
1
1
0.9649636505272084
0.35838566191247817
0.24688010840361532
0.24741331970523783
0.2461074464241231
0.24685740759869415
0.24630852057306135
0.2472678517239526
0.2471815753533454
0.24757963636188066
0.24754529865598768
0.24730159026531429
0.24730526741048875
0.16878493100308709
0.29191729719458165
0.2470577417472669
0.24782083240901137
0.24837905278722544
0.24769388464966868
0.24647778036355325
0.2461714788551924
0.24613984223689353
0.24620788638164945
0.24786025644853218
0.2474968956861922
0.2474156738329072
0.247538563827583
0.24832283318925463
0.24807627751313147
0.24790606288893985
0.2483229870072381
0.24389302069531263
0.2449177293457687
0.2447864627145111
0.24869678652207514
0.24873936899080734
0.23889423027442572
0.2352529144991237
0.24484276778596847
0.24558180613287406
0.24854864005042238
0.24821918320786185
0.2477049755394325
0.24780176392441702
0.24817911902982234
0.23341614976980157
0.23132964990624832
0.24560225137094918
0.24454251615933895
0.24511244916584884
0.24509824970431393
0.24715477020447507
0.24662274855572414
0.2458695576537125
0.24668785472003135
0.24805036430661725
0.2478610170459846
0.24778407282780518
0.2480267323033302
0.24803309452279498
0.24285541317816067
1
1
0.28801679269465214
0.37605539443732044
0.5440369573168653
0.3781989501135713
0.18764854035202475
0.1338234320514245
0.19139337991056649
0.16113826218100002
0.19601611789003084
0.3324540347393678
0.24490563387631967
0.25659096871475284
0.2705580635258721
0.8601471468023151
0.6906259408862642
0.2275510885260381
0.544225519751565
1
0.30703022455030116
0.12187932243811533
0
0.19998658583005996
0.24875216232126723
0.24850666701163412
0.24780495346476072
0.24818224162660618
0.24764871709986344
0.2524294426825459
0.24799346977206654
0.24995478319379108
0.24866708754874733
0.2477245256100136
0.24994236932604574
0.2503022077003553
0.2495640475200369
0.24958996146207435
0.2507386964434601
0.24988248176710418
0.25039928306155046
0.2498415904093363
0.24934173382816002
0.24989952868112472
0.2488341811927373
0.2472278460665204
0.2509905845713084
0.2513928817773983
0.25108587886616746
0.2495549119198452
0.25061370615373485
0.25108465647904415
0.24941899006414447
0.24945665608530235
0.2489105427502562
0.24906467328097806
0.24448056165014076
0.23895254608040506
0.24781137505187006
0.24812354746191392
0.24840935087430077
0.24885943739113384
0.24828040044441943
0.24822267487194635
0.24833394421309518
0.24932280973265653
0.1902841394299733
0.15444130647226445
0.22642254174333779
0.19360377078635996
0.192949273819332
0.221508579355445
0.2486079970199841
0.2177040819282563
0.20865982356971094
0.2480206337207687
0.20438173340235086
0.24593614439907613
0.1725182632011773
0.24876795036039998
0.19104810507475167
0.15914954318097277
0.18866841890220032
0.10498701334393151
0.39048082346890994
0.3241851767591094
0.3764042553766528
0.2959323659588386
0.2475636424761024
0.24844601177279993
0.2459535464857566
0.24425482266724027
0.5758389557958113
0.5121946772510435
0.5195446968520603
0.516228712931491
0.21174842032691377
0.22131230481318204
0.2231055034497739
0.24571878279957285
0.24567307090456017
0.24495122258744328
0.24586175243722794
0.24894570890194062
0.24893506783545194
0.24924881059201393
0.2491889341102356
0.20495250611068924
0.4055120780382075
0.2046228262357334
0
0
0
0
0.4883482195443323
0.762363963213495
0.8810413735076904
0.5116342024221013
0.24891292258012973
0.24888819254913708
0.24887687025730446
0.24932190904775456
0.24799593727071198
0.24873507494721095
0.24315907981422294
0.13878597937095058
0.1289632726295461
0.2575867109067136
0.24864328345015624
0.2518674967926467
0.2554523471059494
0.24617531658716216
0.24520352304060894
0.24968947810189435
0.252191658882416
0.24885066311498383
0.25179248998628995
0.25250132866731556
0.24941664109076533
0.25186333919101095
0.25333982974232105
0.2509845363250105
0.3671991383584672
0.25267470259504565
0.25412862871693664
0.23686084433789262
0.26798901241867423
0.2616560050246426
0.2533494737416142
0.2600711438743806
0.26193568187971683
0.2519769974034401
0.2497165578480857
0.24981249049389162
0.24937452697653617
0.24860643835024257
0.2488639386260431
0.2488525278240565
0.25780197080144
0.26359408554440517
0.2549141900601964
0.24555216696911036
0.2464794022901961
0.2489506530332852
0.24716595312652087
0.2480552835484948
0.24935861916311458
0.24368516220357864
0.2460126397631889
0.24994347266502245
0.24711681240378924
0.2476827630366003
0.24866679076881498
0.24794458971107994
0.2310292692213241
0.2246829331525684
0.21723086468343122
0.1547629051164833
0.25009079926707256
0.16397753908787613
0.2491594720593469
0.2494302381150714
0.2488053807674247
0.2482053381856675
0.24845037069128026
0.24941652337606166
0.24995406420143557
0.249300899157674
0.24943259058793724
0.249234333781961
0.24993229937302833
0.24299966110640142
0.24577956480962632
0.23484778092704903
0.23827118347565085
0.24869209847133847
0.2498313811234311
0.2500114171200689
0.2488753590111901
0.2489486807601184
0.24840804883062997
0.249334251210072
0.24956011621893695
0.24895112660492505
0.2489705754316246
0.24955861595904585
0.2497986515265366
0.24946665035554888
0.2506999555565743
0.2504931160944026
0.24905179258898358
0.24922599951301042
0.24907286978838897
0.24884052060598114
0.1797443441420619
0.23181206389730946
0.13016820569702148
0
0
0.007257665669995896
0.041825273898862904
0
0.012208537081728837
0.10526959326438812
0.13864088727986193
0.1876731868584848
0.2451133121971133
0.24847717341913086
0.2461550019726275
0.24812570940117484
0.24697851499881543
0.24882242193114787
0.24951656243834225
0.2484565478307409
0.25595758407792446
0.2555987612654342
0.2541199936136377
0.25238932029971983
0.24436754653010984
0.24819392244978156
0.25077817485018167
0.24642261357977588
0.24804574022844705
0.24719439259492337
0.24633608905898205
0.24705631394274988
0.2469398023593239
0.24751864827192036
0.2478909294575298
0.24721639643229434
0.2462160937629118
0.24791292183871452
0.2476392886452564
0.24840142549652447
0.2483202319876556
0.2914977791233656
0.2792368323918507
0.2958592563216899
0.27766176756634275
0.24622813928267825
0.24858749469436636
0.24673653917141797
0.24891764860969298
0.2403298012265655
0.24921387592913674
0.24783658576050138
0.2484797352965545
0.2487593938815851
0.2487979181106643
0.24873912481885385
0.14139335650272275
0.20152353681506768
0.24846916294111468
0.24785234792792013
0.24807602994366068
0.23729435865473306
0.236617224228606
0.24871425647922976
0.24868826522236034
0.2913147675170797
0.305820448231929
0.45150029013905657
0.4315167442134296
0.25076055484529375
0.23936509779037662
0.15311351867102316
0.2525355431530938
0.2524631130301083
0.2521126390930884
0.25195738964466985
0.25165628615458885
0.2495649956139457
0.24919238623907983
0.249373510810416
0.25001259889137095
0.24893172264292504
0.2492038813121954
0.24929668428980342
0.24896815433214398
0.30374153906506185
0.33125639365150655
0.314350285539781
0.4869187815857132
0.24492188913612287
0.4687247013536594
0.2513449383478914
0.2734128673574472
0.2712111980512562
0.24600483145510393
0.24936810414136865
0.25945979105172023
0.26373410569622585
0.2728385872535856
0.4669039865792447
0.32678699058455585
0.4668571062483585
0.161522190009879
0.14570236606755083
0
0.24174840052483082
0.2931464490712435
0.3459940185880069
0.27454063366101905
0.2520604200120919
0.25162847632599045
0.25580613133684615
0.2472613222425433
0.245755904350159
0.24559091568905583
0.24608603224881156
0.24479142538650675
0.24491940924565875
0.24441550880039026
0.24462731060685056
0.24717515023303555
0.24634017791928628
0.24697174020502155
0.24683215314557183
0.246127129339153
0.24647168143825002
0.2452543464639174
0.24533199361078883
0.24909730930068713
0.24903789432459542
0.24909139934383082
0.24867767366954882
0.5338116800822043
0.2468460765471745
0.23290524991411987
0.22759930655874366
0.3670775255522616
0.2869671343379601
0.4402585832425854
0.3793584100386873
0.19837418254848793
0.16498274543414543
0.3587753243104962
0.1998268940127458
0.22171783332433936
0.1763726301103226
0.1925250831377541
0.22782843982210588
0.24579420939823016
0.2464279921824061
0.24525219431498613
0.24477602535940038
0.2474461594236203
0.24874374055186096
0.2480047337089933
0.248015101042232
0.24872046058905012
0.24791091506687643
0.24699180218318514
0.24892878278089445
0.248876551541097
0.2491638674447448
0.24914263754355775
0.724084746428619
0.4220936098158301
0.31040746701537497
0.36196812744379786
0.27035986036516463
0.2970974053898967
0.36360030488019235
0.24549982834195486
0.18058402630409512
0.28503885871559853
0.2204820934385666
0.15954614861301847
0.1604719427477323
0.45318931971236287
0.3890057724820639
0.44624674864070984
0.34543073874018204
0.24974981617924358
0.23688328969429082
0.22988602377643844
0.2546619749288996
0.2523514353839493
0.25150073989705635
0.2504431918880383
0.2490050980835143
0.24687025842497246
0.24808579216367166
0.24840890541547847
0.24928254855754997
0.25107662791037655
0.2509838806696531
0.25579456969539766
0.24659244450708578
0.24905730326515452
0.25420261410023925
0.2473454688464126
0.23123707457238815
0.24867072769334767
0.24942895104460439
0.2503197633953266
0.2541551100677581
0.33226649173533224
0.2902476165806135
0.5798817641784426
0.4847733173836921
0.5042609291256123
0.26121004854401775
0.3359235053043925
0.24147130194792374
0.2075843080695057
0.2493345572906641
0.24947393020159217
0.24950192287065132
0.21003610971887882
0.24417234374541225
0.1810050204029406
0.24090710412177652
0.19913384190760758
0.22369774329080344
0.20595512961815976
0.12555301880955244
0.2701191395066328
0.20957162137003
0.24588494880302203
0.24693916721827175
0.24696880708664837
0.24669021192572788
0.24696825602089018
0.2472769002627322
0.2466303648264966
0.24614005085230076
0.24768162921101594
0.2476019635821828
0.24818178921644532
0.24811167355923924
0.2483403206119575
0.2485538293311065
0.24867267702561976
0.24808886817327155
0.24910263424807852
0.24888221735852406
0.24886775475521866
0.24891252272553896
0.29215568698858063
0.29200757307538877
0.3205826945901005
0.285287227323897
0.25247822838904865
0.24012452767715198
0.3136030250443577
0.33011399042933154
0.6302466463287537
0.6747268087126908
0.42310523303125325
0.4024888329278051
0.07797450313923329
0.09515232138557157
0.08479458964568394
0.040913030673836184
0.24836815766018935
0.2500097826624577
0.24872553977361414
0.24841184803575922
0.24732855752988242
0.2473870236082338
0.24714001068819366
0.24828166441075172
0.2544745274508055
0.2527272364550841
0.24503739376561
0.2405747988477104
0.2414950400600337
0.24548881867262054
0.2465847774540096
0.24289653242703999
0.24388148304947083
0.2464649086367539
0.24746788162556274
0.2459285704355463
0.24363766394265124
0.21981686172103898
0.22612694954675366
0.2684373028813286
0.3362684286895927
0.38651865687373027
0.30571100226053916
0.26902600094019774
0.2647048125148558
0.2555397162866442
0.3462120224889573
0.2264536945340716
0.44811572397255733
0.3662970970592343
0.311092252919297
0.23266488270785082
0.1959800766507156
0.24741885433963404
0.22625641582733091
0.22499165848885108
0.20063109005084265
0.17942910478958857
0.18644344694886802
0.2187459051164492
0.2506037463195109
0.25084537701986814
0.2971554993828648
0.37517997624444493
0.20223323084520922
0.21489110764793198
0.26315304493091124
0.24127369309430405
0.004585461180503187
0.28782661598548653
0.19881123307388643
0.2031508203930998
0.11930685071915764
0.1649215636901244
0.06481292855790874
0
0.16332570539020372
0.24956352496490422
0.2490242547787797
0.24957562326466168
0.2496586326493321
0.24897430781583169
0.2493148512879611
0.24965831476934036
0.2493724779471593
0.24918576568007936
0.24933926200249837
0.24933370484048026
0.24950789962932385
0.24955879713402568
0.24967360353305715
0.24950724092809023
0.24946088641227995
0.24937963661489326
0.29297937873868396
0.3211248483041756
0.29544112093494357
0.26631823919071496
0.21413691386968225
0.24944176940317545
0.27808995191471075
0.22094963030469583
0.5515904405098135
0.3566658650388593
0.4256422900617497
0.5457055863029027
0.257739287630555
0.28567713532257755
0.37055664782864933
0.2541113266724763
0.2376049039927105
0.2597658399524945
0.24949991963678128
0.22976329720874317
0.19615939187711642
0.2028595342076189
0.21785383364284583
0.2191350330087949
0.15933069207180023
0.19277724851754377
0.19342884488627013
0.17365759976144782
0.24352161633858277
0.24307647397048085
0.24141241330968827
0.2435959750119199
0.24634668839764606
0.24615885621516603
0.24537989014894707
0.24648803789135731
0.24725290037075673
0.24473647297148451
0.2459394369836054
0.24811241562964165
0.24817805030118134
0.24747370147941422
0.24852504401297895
0.2494050369045736
0.24831614252101125
0.24873418465166508
0.24875621105442774
0.24911874289406596
0.24865612427229417
0.24098378180462066
0.24167232176048747
0.24678166868037704
0.25020820811368827
0.28793071669189524
0.3717292369698597
0.44417577155775523
0.3673161712398946
0.28941773356722655
0.29097828823748423
0.3477378297779952
0.3487603648358277
0.6931356969012087
0.6093233415522344
0.4227993282437455
0.4655009167721887
0.26562060227153844
0.26193997871930896
0
0.27195248531721816
0.12049818184989784
0.01999513984612926
0.24711284446430581
0.24718077408466493
0.24691716936633168
0.246747017407813
0.24870930580631018
0.2484784730960565
0.247898626291703
0.2482018584595879
0.249294982115493
0.24899442516729917
0.2487658232204366
0.24904433401085888
0.24950639311525116
0.2494501365177749
0.24943691113473732
0.24929258315983407
0.2492392494899283
0.24907312428261683
0.24927123128530893
0.24922275691755674
0.2717951059802525
0.24950076017846745
0.20929918430400626
0.9442584297345833
0.5731669509880574
0.3750336408905062
0.7009930304070595
0.12062947889825977
0.13675730689921853
0.46149400066078466
0.4070898221251032
0.4514054163380826
0.46073334400724597
0.3185259898000042
0.22648115615523
0.20156696648906444
0.2617155535936648
0.31814219237476216
0.23623229558709313
0.24341900986652407
0.20919097274322943
0.25442917885824584
0.25115218920023424
0.25535479814511614
0.248121449188677
0.2506118985594496
0.24568937818527353
0.24094203235746942
0.23990998272348224
0.2430366467196951
0.2531435955850514
0.24737747023713125
0.2526276518617298
0.2577439770665314
0.2505488149593461
0.2498441546195953
0.24266081518175028
0.23932662300729823
0.2463223350710723
0.24427739351258065
0.24467263498373068
0.2472958949276819
0.24651478611870642
0.24570752238594595
0.24593995513719016
0.24670962062547805
0.248682225355021
0.24847454598993893
0.24857515832697846
0.24869177993711444
0.24869487670723286
0.2486743038095774
0.24870643290149846
0.2485303358471647
0.2483367041097058
0.24881069702296466
0.24869272144464258
0.2480707349575707
0.24828086184359693
0.2481022130591373
0.24778391307723993
0.24781446326166887
0.24652984349679638
0.2477494970908141
0.24867152571530474
0.2459284452196187
0.24599926874530462
0.247788282257925
0.24784456364372315
0.2438490775750194
0.24587035269014734
0.24600635188866526
0.24588602512324986
0.24519631361589247
0.24452593630743086
0.2556881540216612
0.24918298017952922
0.24450099995124375
0.24468198255452464
0.2571091611664396
0.25694174168048617
0.24294019391152868
0.24288466401393316
0.2433244547072874
0.2424030041997816
0.24068888869018742
0.24195923381194492
0.2530295637444142
0.253854214374691
0.24062238862113422
0.24381591354113522
0.2505034005471047
0.25033244828633244
0.24674647348208997
0.2511824417034878
0.24733879222122038
0.24604228565422503
0.2528243035155585
0.24546332754102332
0.2536086352605849
0.2457059623285239
0.24647655113222905
0.24631232663180988
0.2453007641080303
0.24351890133528956
0.23789516662461985
0.2428999388592426
0.23939602109911098
0.23878459219366796
0.23724283321622233
0.23658019868782618
0.24613377089548144
0.24799115904426744
0.24319441725265983
0.24897207969916518
0.2511116814198917
0.24915486000440204
0.2548875618590954
0.2503895425469728
0.25437165788385036
0.25109356175606984
0.2510596983536983
0.23104616360250826
0.22235620135800369
0.16795457003348874
0.2368450259895276
0.2501894952214272
0.2505855807001079
0.24978576817860584
0.2799389754457198
0.30526247969640535
0.2898676594489542
0.29059752953273277
0.26084100867255056
0.25972607741099335
0.274794523168419
0.24890907315655195
0.22992427179086827
0.23620156376510432
0.25049434436861984
0.24566989078126936
0.37507804574912457
0.3493428396346183
0.41726899798171074
0.3132794873980844
0.29023354828439724
0.26661507662670364
0.2896588697489528
0.46993937368343636
0.4447802064364724
0.517540502458606
0.4394190966214949
0.34352147367809316
0.3789135005441065
0.3371928765625362
0.3668519430202852
0.3497890763431669
0.3529999313204673
0.29973080812262404
0.310719007680003
0.5091952343110475
0.25760824484757155
0.40124270767488135
0.42858652924194596
0.4153161917804671
0.25375965353514995
0.24870054078837575
0.3850530797614764
0.35257589398580547
0.4097644763915312
0.4086542922678618
0.4475211012887902
0.6935829907857742
0.4217609353654199
0.246777248303391
0.36425475347419545
0.2820428077493913
0.7517255435091236
0.5236763811949465
0.5869004282599803
0.16482279279790646
0.030436988525685955
0.023367698587078118
0.20545102913642088
0.4802345389641924
0.1447466720828984
0.2852937536771078
0.2671483069711486
0.18922816269431328
0.14459534756433454
0.1890726318185673
0.13721157641526727
0.19636739676491627
0.18003426494461858
0.16859708874061977
0.18480863283603463
0.1045959451729363
0.23856471226631246
0.13294939978455173
0.29520707094448456
0.2476963745309679
0.23704494861764228
0.2902023734742711
0.2492412148579652
0.24938426969846708
0.24907419047238286
0.24868195560227052
0.24798946102392397
0.24908355315840475
0.24921205720581602
0.24647681562005674
0.2796926280737159
0.27973788678829997
0.28579856632480116
0.299685360008453
0.24937471635395003
0.24966036869146313
0.24940032416008515
0.24952947581923324
0.24939220417462624
0.2491398356342799
0.24959493049304504
0.2491564714217676
0.24903841124900208
0.24915272118814638
0.2491634473363142
0.2490879860945348
0.2490807975702283
0.24873745056731772
0.2486585685036689
0.24939392643259964
0.24930343613196648
0.24865840713414963
0.2489467580538845
0.24901432747637683
0.24921355751844013
0.24948954805457557
0.2496773118262946
0.24915736311124845
0.24893379074991975
0.24854625080111545
0.24865062729669749
0.24868833543584282
0.24862341987845335
0.24849034248080015
0.2485044107677487
0.2485116001227284
0.24883706403409567
0.2490636945895584
0.24885014675401929
0.24880287444876076
0.24822386331791396
0.2467115783683163
0.2478405597647193
0.24698277137081945
0.2471552524017157
0.2457589798641767
0.24584888255372636
0.24621575578951094
0.24768039995284372
0.248424220872306
0.24761190817461104
0.246884095525264
0.24632881350868888
0.24637088836343193
0.24604213322990662
0.24680391881251681
0.24678225027665204
0.24662708240134065
0.2463556957176426
0.24721083757711268
0.24734374108559437
0.2476796718634499
0.12067966794673418
0.24764688027498186
0.141402577376161
0
0.245308030608587
0
0.1422249870099297
0.1794296633871601
0
0.3464343234741173
0.4678742652836254
0.3245610433187803
0.15611287333660293
0.3725168167379469
0.20816534537663106
0.25710151811055815
0.1941742196030503
0.27315420255101114
0.34319766170153104
0.5045768164764187
0.31233588551580993
0.538249629168125
0.3196689112645181
0.3490886207117086
0.3866186077668861
0.42073397560518866
0.3077673332620275
0.21520197322451465
0.20657853392020964
0.2780714851600748
0.27709800833398973
0.2218331328121785
0.19228729817531248
0.35416313660491006
0.3889064533666857
0.4211553331586025
0.3910310738312195
0.3730455463418393
0.3071764392871316
0.2592158911423871
0.27585128307459567
0.28807001983489083
0.3028469892097245
0.24092664697756094
0.2461665603967676
0.26284848838349145
0.29118973057193737
0.3853403211273516
0.5263953467716008
0.34199035994659616
0.49232964877059304
0.33394881483845484
0.38922488010299633
0.3719826267422598
0.33572378662038077
0.44885447805701234
0.33637330497831075
0.5159844977802138
0.39594439490132044
0.2527123162437155
0.23487077107325344
0.2115925981872333
0.2525794067722775
0.25603428247156723
0.19887141812737838
0.2205090611356039
0.24754019136027852
0.1832282363356759
0.1910142282074973
0.18890895433477556
0.2198750413591648
0.21313992203843626
0.24882480545706476
0.24874805954097245
0.24876420797398877
0.24893971490117195
0.2487960274825803
0.24822744604263675
0.24850769130540615
0.24849979425129237
0.24875456198581866
0.24870677861351878
0.2484566521777292
0.24819685545747552
0.24804165116626586
0.24849935241644408
0.24919545846173496
0.249240883267005
0.24889222393541371
0.24801437236193297
0.2465274758140334
0.24659456300429497
0.24678545397429025
0.24674745404103096
0.2462405071059895
0.24530107698839168
0.2478462842318711
0.24902681587873407
0.24903228608890216
0.24813464131325097
0.24770228874740408
0.24776528144103344
0.2480329121608056
0.24775079117224738
0.24810729716986155
0.24805482351233785
0.24800557680546725
0.24759922685363908
0.24482578808007022
0.24361584066136663
0.24626929370100425
0.24398278310331972
0.24424481940196532
0.24632977186491622
0.24428216651282847
0.2470335624893655
0.2461455246586728
0.24743683829176075
0.2457900245124678
0.24633269323604634
0.24679471931523064
0.2457111042813523
0.24734048981188167
0.24566658871461589
0.24566483856660976
0.24596975173368868
0.2453630788971203
0.24150255831876893
0.23826470014962925
0.24206778365246331
0.24058915691788443
0.2034759524038211
0.19433603677494007
0.23783817263539897
0.10809532997031719
0.13929105756978497
0.0009494912171394539
0.09020048370003532
0.06978398786828045
0.20340411823026908
0.24579681350732022
0.22394556118843367
0.2197429645414391
0.2535071710564062
0.2397638909567209
0.253970424997807
0.25265859847062877
0.2293950539561666
0.22132201422044587
0.253185144803375
0.2234840611037503
0.2234290520425047
0.24673229137550998
0.20795420856692176
0.12836548672573928
0.1994001263343977
0.08615462161522283
0.22425827373905521
0.204693561741575
0.2110531515573053
0.23563153381760696
0.03427164261840455
0.07887836339978876
0.08342085620922748
0.031614932457105095
0.11693613128882956
0
0
0.16885511867840125
0.23064256249395432
0.22026422879999735
0.2390753717746192
0.20024043306547692
0.23132027334689223
0.26592826779736295
0.11547892220739824
0.2525162437482153
0.39035087351482806
0.4646300087503958
0.41741932525892533
0.3529979583650805
0.5399284624634978
0.3957134154943029
0.4264888852502608
0.47970730052559596
0.4643618106057727
0.4063243209467435
0.5647528263547811
0.4298537129695764
0.17276714197834844
0.16275519701910707
0.16325784690093847
0.21687514037252156
0.18404192017860904
0.18355862607367104
0.1843232341615492
0.1994641917784314
0.23543044339900948
0.24407343049135696
0.2335325784614473
0.2644206035002768
0.2777624479902526
0.2379410568436763
0.2524663501940312
0.23436341894401969
0.2639610858244571
0.23445521803154779
0.2308060860249607
0.22690207829643258
0.24514704602565893
0.24981288867354828
0.2489429991051355
0.24159807696419355
0.24359959013145283
0.24992076187079904
0.24991449182960368
0.24972094202238185
0.28702344708681654
0.2854336595822647
0.2443505535410927
0.25684809166606465
0.2492863744777885
0.24922399967044334
0.24889793348032288
0.2493924179697868
0.24969712540738986
0.24983212328004997
0.2492600247094837
0.24960913091068804
0.24950808208806002
0.24987385129101033
0.2499968945257723
0.24976174916128796
0.24993765900770443
0.24951140564733557
0.24984119577551644
0.24947657588238606
0.24969222332985794
0.24964457360210313
0.24973822450983357
0.24953140591456358
0.24956447192956088
0.24955011514056313
0.24967722576994408
0.24961161451335548
0.24919481112985958
0.2492664357448026
0.24896710507593797
0.24937091330299935
0.24962357186145953
0.249974172265659
0.2495300388401386
0.24925675316304635
0.24944399205857898
0.2503994344549819
0.25041436778663395
0.25024947436428774
0.2490840993228264
0.24949600675577435
0.24924026937957644
0.2494477012105568
0.25013628809463184
0.2502084183517876
0.24981340648017394
0.25001931026847635
0.24981207063098076
0.25014587170984764
0.25062793113833937
0.24998459516584426
0.24742795247134658
0.24850393134905474
0.24824687029073175
0.24776293186287504
0.1932479873354474
0.17852875449610833
0.24931416728585046
0.17346924537668246
0.1718278141112946
0.14536889127255484
0.21504406594949027
0.19208068429847822
0.2682598416947138
0.16834191901307738
0.042317243072032225
0.44156315443236854
0.5080180813256439
0.4542989416525482
0.4659250776401606
0.3936249571373491
0.42240940221358875
0.34838901489991125
0.06934114174060738
0.389250129298799
0.12942473246177236
0.29159825009780194
0.3471760530181746
0.21531305197252107
0.22338830174721208
0.39905473459871965
0.31045018352148884
0.6877140991060027
0.8846352520241928
0.5794369933381093
0.20331728762537268
0.09668405334481246
0.5087933708407657
0.09517644197337327
0.1863652321795474
0.06625344888697775
0.0038524298876193943
0.2558690954649475
0.2431593105730982
0.22633337235610024
0.25232573293575616
0.251775672535543
0.2544591419417859
0.24021626720528655
0.18406216561866587
0.2923340412341321
0.1253507995495115
0.19935656990357725
0.2491943895880522
0.24892106159927616
0.24944574126987662
0.24959655643408601
0.24870246582647476
0.24941235021256633
0.21736883132720655
0.2263917945043119
0.22285778424446986
0.22900270257949865
0.24539153881275894
0.197013784140556
0.25568141090455254
0.25777203450573344
0.20391058979984572
0.2482993728753
0.24950538407990946
0.2402935319252806
0.23093119131274792
0.19720201614455668
0.21477322333771642
0.19199918682622405
0.11842215081963835
0.37457721882239176
0.5690484721449097
0.44292828693515923
0.33430185659255235
0.3065342828153045
0.30129825021829654
0.3499313563885012
0.2887429197604633
0.27576221458838523
0.4842153344695237
0.4042374287215066
0.39311424413631313
0.2134064953348776
0.26530804331413216
0.2140432003669311
0.30591746893327737
0.45138453785925403
0.42160431970431606
0.5374674659126192
0.4321957635371511
0.2706603592830402
0.25953275529550773
0.29551171221715783
0.39677618867975883
0.3187145069694292
0.32759701744701625
0.299828309929801
0.32486441159638474
0.29423980677399814
0.25543060545118634
0.30123513229603704
0.22780944159003996
0.2746014990257236
0.30674801780886196
0.2870636020958616
0.2545092532454663
0.23191974810377147
0.2481937648350721
0.230547912766617
0.24799276018754324
0.2473858423924869
0.24787516082961553
0.24847506491875687
0.24551340237649447
0.24629440878425823
0.20954280479569212
0.2450765909244885
0.2460602071220223
0.24750602595717586
0.24597603487471
0.24733552204006104
0.24737850100860626
0.24744510231150726
0.2470748349003407
0.24761401052582613
0.24811022790923953
0.24797424683748046
0.2465840841377748
0.24601755072544973
0.24822675747728506
0.24316654327914464
0.24441911946441697
0.2438929215441154
0.2440310593497688
0.24703077753530522
0.24667249236494238
0.244226323703296
0.24550235127862066
0.2451129549566882
0.24654399733032614
0.24650783572685758
0.24558690616196452
0.24689681809485392
0.2465047246618886
0.24326659587108995
0.2456131131726718
0.24618872627007793
0.23805505794522902
0.24055376044614063
0.23835732479139513
0.24138383942312072
0.24307696294564715
0.24474223520906974
0.2427079467737894
0.1476162298651643
0.17620646203133505
0.2189653528680649
0.1759425461339064
0.042498424055995306
0.24323939180182613
0.254315892681561
0.25245436028308244
0.23728760463559523
0.22857445478397415
0.2505148945245189
0.2536522237517601
0.25421867508065893
0.24940999985108284
0.24921146089489798
0.25166681295324156
0.25251250321376806
0.24973358826392966
0.24815936288491938
0.24817869738829001
0.2491968130826374
0.24886202280183356
0.24768426385177858
0.24757529419513702
0.2468552804741325
0.24812857917656905
0.2489929502970548
0.24925608285778394
0.2490555498385104
0.24916302147837044
0.24956787484977866
0.2505092489517851
0.24999499532009345
0.2494043392572439
0.07106626274066956
0.2059424508605341
0.1942344199629538
0.14369841490398647
0.20023271757341338
0.24291124108483494
0.24503125210710175
0.21438404554292298
0.11688108031126772
0.13718420459982397
0.17213728792902735
0.16540237414844403
0.3956215796466555
0.15842607626724137
0.2474697716512907
0.28199148361368237
0.2567801742540823
0.2759863196370825
0.22646598234876275
0.33612154147287
0.4703889709654629
0.5728030112944703
0.6551583816611418
0.3944689836409366
0.7426776805187929
0.6429623524233764
1
0.5766553762351395
0.4972431358316129
0.5768299476126304
0.7854605461999683
0.2721702922627034
0.24629520972360064
0.2208800259490301
0.22884089263790422
0.26335058773751197
0.28205834139111813
0.3063946844144586
0.27743850646612145
0.28705279349767115
0.27477045472874745
0.2601048957137874
0.2646965528799868
0.2501951075235927
0.2733174159453009
0.26054381021486767
0.2710197742746271
0.2340217159397846
0.24886721703484085
0.24907492024322683
0.24875581216299436
0.2490994692835589
0.2490619739087588
0.24902410531822206
0.24908903780321184
0.2491691244673438
0.24915618294780542
0.24902211087838222
0.2492525667911181
0.24935372347082832
0.24918710776628708
0.24865832800849158
0.24865712370391765
0.24862437249745853
0.24908249071729638
0.2495175784478195
0.2489231962657805
0.24933460171724153
0.2489365823683785
0.24873269146940274
0.24883657018595876
0.24904528203872137
0.24841731969451447
0.24863873238150863
0.2484122100860695
0.24856927799034884
0.24858865574657626
0.2487002699384413
0.2487394422621312
0.24873218949978962
0.24847138227153126
0.24821360101744033
0.24864486477449071
0.24877960684686884
0.24676156928889217
0.2472825607808911
0.24713165970637951
0.24688697282477828
0.24752395615374606
0.24832691461165635
0.24782681560782277
0.24829479158176243
0.24755008591422262
0.24766758183073434
0.24814891596102356
0.24808393053776612
0.2466351350379632
0.24741857925240907
0.2472961479710929
0.24696176614131057
0.2469009382361765
0.24785198510566273
0.24767527063695072
0.2471242579292133
0.2473923961841725
0.2478383861493245
0.20117375908932258
0.2483239465985779
0.08123799520504257
0.1931491539413949
0.22605175364295604
0.22307201001298518
0.1603412544423354
0.10249434849308597
0.14918202819024787
0.24958902316789178
0.13533483671930518
0.13068847901262587
0.1931053360990432
0.1708257984587906
0.4363443543413069
0.2363918453486343
0.332776112654677
0.7039346162726856
0.7189155693844284
0.29812842118310234
0.22831193425493732
0.20121545537035393
0.2066070715764699
0.2676444070583356
0.3173324351443481
0.4240822092426221
0.5470510773862662
0.2699810389784415
0.22991688689943285
0.2245435792135426
0.28410990826325005
0.23743630088638323
0.235756554464427
0.24916222793116907
0.2494034064731851
0.2489753918386616
0.24355631358675428
0.24779476534175912
0.23392385743080468
0.24790597052561222
0.2478272304707083
0.24244907663228416
0.24444364253943912
0.1882175278011495
0.19780233152725232
0.20599735474264444
0.2193704080672996
0.24672923620154685
0.2049255503656407
0.23621867410223293
0.19734885135359573
0.2712104399551338
0.3296917507857655
0.28064951170070385
0.2530142475122414
0.40103810711318477
0.4272877610398117
0.3807564317605593
0.395049996866521
0.49507809998551633
0.43807006240731766
0.3148461723741003
0.3023494043730883
0.45049610236616405
0.32204251427423236
0.3498881230068915
0.39282850341542286
0.44443884719795135
0.5101294985586036
0.46791337096377467
0.36346056632601065
0.2544733873098151
0.2345808324044057
0.2943099444533817
0.2482796519401953
0.24841209421795854
0.24481475013452722
0.2504403125891528
0.25449262498165
0.26729422030072986
0.2528973316097678
0.2573164188728101
0.248160118509898
0.24820141126881337
0.24805857060070752
0.2467302356147518
0.22910954829414318
0.24418539682204973
0.25893590059051425
0.22999122094919627
0.24772403418668262
0.24758777937930904
0.24956299291381956
0.24794738826563517
0.24616923598072696
0.24571748224435036
0.24643262728390294
0.24828199647959545
0.25438142447841194
0.24843229388174268
0.24858109251597865
0.2447460164040551
0.2446272650571925
0.2436483816906305
0.24569089154498078
0.24621807435050155
0.2473187157793401
0.24660781632421352
0.24613946120591418
0.2560205100912215
0.25335134936209
0.2507283194221854
0.24319064114204955
0.2464680632608372
0.2485302589253977
0.24388243196047518
0.24420287585657263
0.24351196351517623
0.24231950518619727
0.2438754887978913
0.25032715296497343
0.24843463731781676
0.2535729498189935
0.24808608964880507
0.2483880557125339
0.24842418153257476
0.24845155549959827
0.24867971916438897
0.2482302299442675
0.24832019848958936
0.24950632108051468
0.24866483307177312
0.2499917437605481
0.24860167724317458
0.2514216617618216
0.2556690975682155
0.25131600206695476
0.25506552907115126
0.2498551914948692
0.24925208090918882
0.24849522196140703
0.25114740231619304
0.2520402934626841
0.2527606785868641
0.2567947625107697
0.2503305359076236
0.2520478545798364
0.25526230028016955
0.2516385380137075
0.2563552309855912
0.2528208999044749
0.25305156285767144
0.25810624899873147
0.256308672415145
0.2523982414374958
0.2523886040789594
0.2532126845371271
0.24426938062777934
0.24825891665353989
0.23870257437725464
0.2524504032457156
0.2529886217860798
0.24424186066318684
0.234234828904525
0.21473910138651653
0.303475683700465
0.3444534352607914
0.2586955918369211
0.21427280938764032
0.2056836176803531
0.22913423683145476
0.3784341774528614
0.3975737732513855
0.6030168173191474
0.38693400015667656
0.23740589966974648
0.030808663086563215
0.21949266340860382
0.05863024768706976
0.3087786877651354
0.29326335859062785
0.14824735537251815
0.14059605556626179
0.24570780313668975
0.32302489293342607
0.43985152398084393
0.152770022988583
0.1220783634988847
0.3906971118848335
0.3648171234079976
0.35887016605539046
0.12705449456913728
0.12581654254254562
0.3359918960157395
0.2814446303966312
0.2654466728619563
0.23514574239647693
0.21589183659039762
0.22841498528249876
0.24423251031804102
0.25898231198029525
0.44867517415249886
0.3414515097127603
0.35807735155366577
0.5000248035132663
0.5411813782966718
0.4224836725525425
0.579546478537063
0.6362707911760248
0.5808600241243345
0.6063711724373421
0.5335821985894287
0.5083054969317633
0.7372385443362579
0.8068006520458062
0.36314714712909757
0.37237024128551693
0.6040728695281395
0.4114516253954049
0.301491589275688
0.27705794233407804
0.3606478239047326
0.3524141902550416
0.24910790377799902
0.24910741910139783
0.2490390497381625
0.24914866860088472
0.2491638871009755
0.2491081480744333
0.2491205524985415
0.249170052654521
0.24906671182036405
0.24883369022591792
0.24884233105555087
0.24907981572518262
0.24712017636139208
0.24889060471318736
0.24706951980692832
0.24818863838610108
0.24766600655217105
0.2466701781853636
0.24798441178338296
0.24604542027387238
0.2473513953279095
0.24852055606177742
0.2478956585838391
0.2463756296552567
0.24764190393883828
0.24776737815410457
0.24728905829196762
0.24813095543973193
0.24849032296352472
0.2476225499229489
0.24819376714692298
0.24390299013564587
0.24305275784695973
0.2423014829362976
0.24482422045190028
0.2456216734025177
0.24517130210613425
0.2446374101833278
0.24589315789648816
0.2466197547025995
0.24747355775452182
0.24747171128367593
0.24667549726311847
0.23835570669490289
0.15082892873784365
0.21835387263247935
0.1956660035699599
0.20274821584839184
0.23191225338715504
0.21616373841087488
0.17497004811206238
0.14037611648109719
0.11881248150499524
0.09339710703801374
0.07365940549521686
0.26256843991996004
0.44254199458267607
0.27813846598159236
0.5319492410181046
0.5061588914114474
0.43890133716577295
0.5800197509200933
0.5751862596903208
0.44782566258812645
0.3825156023859563
0.44683411407455437
0.685666786295183
0.3826197531062907
0.42557292610908076
0.46066961057550987
0.5336880116126936
0.576227038226421
0.5041970638715855
0.5163250743383987
0.27575148700714225
0.2652432777141096
0.27706374430903524
0.2634504142280125
0.2847301378691122
0.23463629710120884
0.23791547934602728
0.31237331528081885
0.33732257925236525
0.37327954301733324
0.3914041430488084
0.34143855052079153
0.26045542438247477
0.2572511925374246
0.25895621251499784
0.2489288124239304
0.23594655976522816
0.2692400102328435
0.25655672006348385
0.2987312486021782
0.2851683646951592
0.2980571996476531
0.4846538301753378
0.323614710065086
0.4469678684164237
0.2731578484754244
0.28382395778791436
0.32881414314155116
0.3679038058835934
0.5473670106930228
0.3493385991070843
0.501858329654752
0.44952192345410097
0.2579659528052698
0.22582833933201854
0.24651328306752288
0.23005953047725958
0.234970186987006
0.22324974195399033
0.2337090107694422
0.2206170252785472
0.22125934346742004
0.24300287059552972
0.24824889426851163
0.24862248080117283
0.24887741247625875
0.2487992946499201
0.24856682792226312
0.24904448346603747
0.2491823882737128
0.2489878710130267
0.24892428052384033
0.24913434955362757
0.24509976210265524
0.24529016343756213
0.2461308665119791
0.24607283157584184
0.24500077566433412
0.24732123685505086
0.24618814411462456
0.24729347707701738
0.24810139404980652
0.24732914288710517
0.2463339585645161
0.24603344497235854
0.24609570621910543
0.24626111722148514
0.24649357422457613
0.24650441306691584
0.2458477148182344
0.24705329192100045
0.24691944898625715
0.24593381887338397
0.24636030816386909
0.24725311625418764
0.24686285652464238
0.2442737713061889
0.24620624143425598
0.2448809691674295
0.24381514718635003
0.24236860000744323
0.24274115383970252
0.24367464972683284
0.24393840731040412
0.24481682420658796
0.24528447068151793
0.24424553720112765
0.24855386197407425
0.24831500898876752
0.24783117141149646
0.21452054001797224
0.2482961283758484
0.23704908882545375
0.2455612882457968
0.24510429641897924
0.24481298610547736
0.24603338839294422
0.26850182767678055
0.2742991646874543
0.2553384724781745
0.25110145270661466
0.20540373589533847
0.2192813725730103
0.25543472833103675
0.288650150328589
0.3302821228563057
0.25190106607238005
0.37088663247849746
0.3838827159611259
0.4733751664531249
0.32463768795604203
0.3766764104451498
0
0.12474568656177104
0
0.06299535805358489
0.4257503506884336
0.39615581891828766
0.390394521674198
0.2605513154618674
0.3722478135894053
0.3013547847829416
0.286757115249304
0.22005323601295107
0.3448861089343189
0.27519799377415
0.29001592202022924
0.2922541209295002
0.25339459751270677
0.26364337024678497
0.2702780804916562
0.25061536554815717
0.25540020510153255
0.2449823401945337
0.2562700716680967
0.26997308927491287
0.2505922120774739
0.2782741603520833
0.38504768523569943
0.5938017763345473
0.5193701152903362
0.5631183702568431
0.3192116136006013
0.3376219296598659
0.5115620943772325
0.6116014482759785
0.5131826319706784
0.23315526990185725
0.41284111881136404
0.21388489443561592
0.22818883814149052
0.28280912349995324
0.32151480746853467
0.25972330698723695
0.29799436655745976
0.27535602320997365
0.23882877484514456
0.27061144597909487
0.27929684521886383
0.27808438888118464
0.24004403953917522
0.25233221081060203
0.22059931569503674
0.2489743411744536
0.24919796886567847
0.24903492940203936
0.24926587430190195
0.24936648605558884
0.24920277786841374
0.2491677204175149
0.24931008615640546
0.24932752752798562
0.24929318078340182
0.24934312820334775
0.24931986140917226
0.2497865325458477
0.24875624787951767
0.24932761408346332
0.2495668290058263
0.24826652359076984
0.2480154861462705
0.2474348132809357
0.24976374093016435
0.24861010350956222
0.2495838455878243
0.25174557515553436
0.2502701383293541
0.2496324888247308
0.2481614791836853
0.24850282976146965
0.2498056207112425
0.24990497125556066
0.2494745719226093
0.24873216862367709
0.2511381332097132
0.2514957268635857
0.2522504202787462
0.2520816557609111
0.2526211948600811
0.25283195802862557
0
0.251788148416259
0
0.13766917050134883
0.35117848496780196
0
0.2796876882038342
0.1815781520925643
0.14534117795177556
0.10824616181118757
0.118129481517488
0.513885745082691
0.7547582286901809
0.6567639580654291
0.5821630685151866
0.22980203792292814
0.318553698555209
0.5755641821748494
0.20134842544696951
0.24471815392857701
0.19796961555205256
0.2261797955148979
0.20823241750828345
0.24918787170966453
0.2120851451898231
0.23369648694797007
0.24872814779818034
0.24822693086529757
0.1778180709141124
0.2494190732315989
0.24893840424422115
0.24924344097769094
0.24933252583760923
0.24890692329531142
0.24827999755929933
0.24843732210584235
0.24756334543793745
0.24852904892778901
0.24751334720777143
0.24801709198635064
0.24769018022808031
0.24770099793251255
0.24827743166674934
0.24833773459642444
0.2474748626369498
0.2480423843864191
0.24864182512108504
0.24833124406955548
0.24860914474553128
0.24859768089492773
0.24877505954633888
0.24868067462849602
0.2487432565836273
0.24867065935661778
0.24893514153394658
0.2490005759259705
0.24879602980083293
0.24918070871011724
0.24899614670792639
0.24911868483930624
0.2235275773584161
0.24931628205665846
0.22327735499637302
0.2488203092159031
0.2489440166189948
0.24542895660536743
0.23599284473002594
0.2240624961431218
0.24166624468289127
0.20272765419752678
0.26823854833460725
0.2611516327596123
0.2621503693871088
0.28901887267139265
0.2738820621457534
0.2638766129714634
0.24382036966667314
0.21967457763792117
0.26920404660380065
0.22419638664871266
0.2412881548483955
0.24951537710760255
0.24108780673460833
0.2467846381894483
0.26666893520337026
0.25531398313118575
0.2827640791802769
0.24506293293002065
0.2337152533867874
0.25058921550332186
0.23435044222115956
0.28450100473739964
0.2742617261165443
0.24134821517098154
0.24977490068888814
0.24857521860285312
0.24898706089924028
0.24886966843066866
0.24865673540098482
0.24886070513641373
0.2492025255405769
0.24916234962735165
0.24916326735772554
0.24877852303011122
0.2479016399868216
0.2485396802960411
0.24908440531411072
0.24609427415524662
0.2464314689568108
0.24724340879818113
0.24652929296306367
0.24719535034029702
0.24784797601229297
0.24699709317157417
0.24760228571500167
0.24752016896288118
0.24738551091076208
0.24780741334259848
0.24717343191797758
0.2481784679025337
0.24809294328674705
0.24863236251582244
0.24831159133729458
0.2486615302274279
0.24832086747505713
0.24756705312124577
0.24659643309815496
0.24593520522805262
0.24749896007398925
0.2473894760782199
0.24752072781727646
0.24738296892282788
0.24728197891476061
0.24696370976170012
0.24610016219358608
0.2471866078675888
0.24624167069257463
0.2470953561535759
0.2483900473026009
0.25012752697262847
0.2470572723764837
0.2490041299337348
0.24952176348572133
0.2488750803407025
0.24914713331027222
0.24500280675247116
0.24463397304847362
0.2471535162891906
0.2452553121495876
0.24330381053017444
0.24227062852870335
0.24862254416183993
0.24546211326418774
0.25246440543333915
0.2557584622549423
0.2519083384734654
0.2558422994884047
0.2547006743020605
0.25240989049286344
0.25570551008304343
0.25035869933899957
0.253874706252319
0.2524576163033755
0.25134661555401155
0.2514887581133533
0.2510606697851034
0.2537847554955339
0.24955551991049765
0.24935012015523633
0.2488813477634916
0.24867948059422645
0.2491311667733036
0.24905235932019013
0.24791786390721324
0.2460884775044032
0.2443513936247032
0.2473556927511679
0.24963002618547628
0.24968977105822912
0.24910178289610632
0.2493967192131699
0.24918566494467587
0.24912352898780907
0.24979261946240922
0.24676818763280334
0.24882894754694662
0.24704997055466
0.2492103271293983
0.2502630967028394
0.24868456624827978
0.2491862392010974
0.035656847016865695
0.05596848185405448
0.02433212013796596
0
0.25001812603132634
0.24811602926730483
0.25001050529704866
0.24786133760623005
0.2510086733109887
0.2304790223230361
0.22006976022771207
0.24840272326761353
0.168962809831126
0.21096730072816075
0.19236306130362038
0.07190047067267864
0.1334753411661278
0.0
0.019193691874992033
0.021574562324807922
0.02507647771978015
0.21869636481986146
0.13150185192559827
0.18934975434534487
0.19916896806661202
0.2320897355256388
0.23644131673382301
0.21748897635048514
0.21013609143835288
0.24881722776924037
0.24906902620480856
0.24881736888203107
0.24901119992269435
0.2490851800664485
0.24924830984636623
0.24917970747348842
0.2490976312001854
0.24908822965879812
0.24923627755442707
0.2493198784919389
0.2491423750944565
0.2500273220611175
0.25108930733388585
0.25000750866777505
0.251102844454553
0.25053866714682343
0.2515073702577513
0.25194465901940205
0.25024775116965864
0.24944833016502213
0.24856564744510787
0.2488837903596723
0.2497391471911329
0.25010389446252207
0.24960837643667652
0.24968222971777135
0.24931231964586598
0.24915248277149468
0.24940101860179914
0.24944423395772872
0.24982305238532734
0.2500566411305456
0.25013225182535936
0.24972831787940653
0.24940635484500812
0.24941951789735395
0.25021937939028527
0.2491569620111335
0.24889431373682147
0.24773158738183923
0.24670885132951811
0.2482861179389376
0.2490030920999489
0.24932367681928777
0.24924322136035257
0.24998819863731514
0.21532523787493385
0.19530132408927073
0.1834536722274404
0.22219956746146718
0.2407568319563789
0.24834917189469607
0.24316484130982352
0.23664991192361232
0.228194438227408
0.22158711652747817
0.24278708178867997
0.2292760908490092
0.25183781467061594
0.26025793289826415
0.23940551979870114
0.25116263323436977
0.24088268208877273
0.25519937164728
0.25249105987855097
0.2519249401260957
0.2504772364436541
0.2494862486072729
0.25064806534132744
0.24943974268647207
0.24905618189469714
0.24856042852280794
0.24913493213107882
0.24894153354661078
0.24848535901684446
0.2490846122401375
0.24978934521177373
0.24976953555091952
0.2476264601315435
0.24849788358151226
0.24973752698662544
0.2501267152020694
0.2500505837776446
0.25065466572310396
0.2503465039189235
0.249707458407241
0.25051548426524595
0.25092890535461276
0.249471055489388
0.2476759704544993
0.24746378905033342
0.2487619981778355
0.24666687450663993
0.24827665879577265
0.24951254256500627
0.24865878559088617
0.24871214726080026
0.19699015779922702
0.24907781177406804
0.21273679793297992
0.24960193441169676
0.24904461192576433
0.20995084716295795
0.2451168396243621
0.20955923399785342
0.24992646819019237
0.24257657826448273
0.2663762011438444
0.2584512330931484
0.24739161087943015
0.24780876627540346
0.2459321062882945
0.2486107628158268
0.24716865344544836
0.2483263417073875
0.2476659383985905
0.24693783012958567
0.2511155957367556
0.24666670010649502
0.25060595895062987
0.24912912111841742
0.2497128462711117
0.2496403595018994
0.24884431115673827
0.25005485724857157
0.2494956817159571
0.24962010901073078
0.24928437358006192
0.24933829568806842
0.24886364631198069
0.2460599596457433
0.24661177523747052
0.24651867458001225
0.2453017897488242
0.2449090596537502
0.245044641939197
0.24756365907581507
0.24283554803770935
0.24570851634926782
0.2521218966489026
0.25276733798576234
0.24627984971053618
0.24768708583418092
0.24817051552518318
0.2476212014436499
0.24836261612525523
0.24715651341952552
0.246873143451733
0.24670363363970904
0.24625473628811606
0.24735694204201542
0.24838444855155675
0.17944553242062175
0.2470098762424155
0.25034665931222533
0.2503132928751303
0.25281305865764936
0.2516287598562325
0.2509711973734357
0.25025753067407297
0.24920266251766715
0.24814658895697994
0.24944639850606662
0.24721866847278132
0.24923971354978056
0.24780978190858988
0.24862572384118306
0.24909236111161245
0.24859830223039686
0.24858030551015475
0.2485492964746072
0.24848421651545913
0.2484442889467499
0.24876713563854022
0.2487241019653317
0.24845713875706557
0.2484782676301519
0.24819274795329893
0.24801939115470412
0.24844699010413696
0.24813173991600496
0.2503098470306315
0.24858640190539766
0.24962428159391375
0.25168791832678294
0.25422585577720824
0.2509866163468211
0.25327025647232565
0.2569276971371499
0.2648228710914194
0.26231342579015066
0.2560741952500755
0.245291008864569
0.24659080572365755
0.2463978663227887
0.24754827375780247
0.2463259584508389
0.2468533427558699
0.24631908271951344
0.2471139153605261
0.2540873394130045
0.26575831029691827
0.2613757741776313
0.2518023205802665
0.2408139638564398
0.23955733282323644
0.23113056765691598
0.23785196711809214
0.19445087214804824
0.09855766480845381
0.23066985149243008
0.1385183738127877
0.20610535130931115
0.20424703014463025
0.2056302673859872
0.23702825944115508
0.4113699058263144
0.28090432735779475
0.3631764986172705
0.24885604327339342
0.15043074862727612
0.17471476110315678
0.1809870981498976
0.25067269430183564
0.24975987040009295
0.2497534973692233
0.2495567165306288
0.25001418245948254
0.25084577003880854
0.24962054351796475
0.2511773668607074
0.25695877761270663
0.25587085275745064
0.2538627484370661
0.2503924900124744
0.2506833968211773
0.25060285730484805
0.25030052459084484
0.2503964869405901
0.25006331840270063
0.24955786435462304
0.2495104433953795
0.24973442088776754
0.2491336181767121
0.24732154040728407
0.24843757718258141
0.25018763036633385
0.24804322956013422
0.24733091157690346
0.24445038786799797
0.24367694048107458
0.24558711795090932
0.25361410503752696
0.2502142663819014
0.25167720917380665
0.25104482987171695
0.24689604815727145
0.24777312506980345
0.2475915503286089
0.24656300950062693
0.2454217804908641
0.24545471621266418
0.17064291901378878
0.04848547595880431
0.06471697052774578
0.2488087305525695
0.24858443311315026
0.24853431797880202
0.24842627596064673
0.2485015099128363
0.24884851609342262
0.248945414852813
0.24923089474031102
0.24903422172601514
0.24910499491981417
0.24950032392297466
0.2372010001568616
0.24951757710209516
0.8075473027021902
0.7036117319165641
0.6246294187674232
0.8490149220768494
0.7802359345110199
0.4084407308205532
0.5259896745485907
0.7006754592945259
1
0.752374121153214
0.7475909094965819
0.7236940760965573
0.21704516258066994
0.4322681777098984
0.30930496736421853
0.2664674252303764
0.16801325625929675
0.43044523359188797
0.5977448253598733
0
0
0.1972197013352017
0.2504951751472851
0
0.22238402591094086
0.2510703178645428
0.24363745645787233
0.23357184299427683
0.19759104432769306
0.23610673971930102
0.2503030597262121
0.474721056562995
0.4486653913975163
0.4992589357561945
0.42409607655695253
0.36441702416306704
0.20041979474185978
0.3079613487682669
0.20506626025299513
0.18768221092594134
0.1688692053882754
0.19027278126189134
0.21081446647901134
0.24920086089511334
0.24918405693579354
0.24910545574936213
0.2492953338544123
0.24932078811414812
0.24935822085683712
0.24931548440661166
0.24926750526748823
0.249217728521592
0.24898130331929907
0.24903455316828854
0.24925461697831972
0.2446888552575094
0.24370982311890577
0.2444840198787074
0.2445205534257694
0.2457057429116417
0.24764199156364478
0.2458561067915982
0.24700937554871352
0.24557260926316157
0.2456512284035815
0.24632223771673528
0.24687884943478317
0.3304672848711642
0.2760951629604272
0.23829920428155352
0.23786547790607665
0.2412928114716562
0.2655242887997424
0.24484337439185894
0.20487626184497554
0.2335932533431788
0.23344990518909894
0.2231441050628747
0.29325999329789815
0.27725973331806036
0.3179971329180224
0.4511509173313505
0.37759907554202676
0.2443114858697905
0.24609669988829358
0.24547885080457585
0.24461709242609284
0.24587549352039673
0.24699119183293217
0.24576438587438312
0.24670165573635833
0.24728836810533858
0.2487688055896581
0.24923069998479172
0.2479783245800001
0.20180718748988777
0.22302672770387394
0.26979958182240177
0.25846671783179825
0.21683000756239404
0.3711659324347284
0.4398603510668294
0.3875303385675753
0.3894611001594289
0.41517316086164424
0.19893507903729293
0.19407607234763852
0.24039461804640128
0.2263130817294004
0.11992570766839951
0.22430438538288294
0.3097428881101602
0.3140916593455909
0.2910710087309346
0.24735967666509223
0.24745579973609713
0.25339676198012356
0.24772521701691466
0.24760402161728473
0.25145200162179054
0.24854664783280492
0.2459095645988038
0.24703718088595583
0.2484567794285087
0.24661282555603964
0.24663601752786057
0.24571955791232292
0.2463545557781801
0.20992613189396678
0.18611104530261863
0.24015758007596696
0.22359721604243635
0.2517275123738338
0.23629734798192192
0.26671721891504596
0.24784915699177365
0.19384120807704439
0.23906421399898597
0.1950981918028206
0.14081721030822605
0.18006595272717268
0.1425774520708114
0.20126044361754558
0.19037726307420216
0.23750792401244883
0.26213558878030196
0.23056941749022034
0.21576694979872374
0.13490116898585042
0.20286020520955325
0.16050980191372144
0.18205687408699825
0.17933958295838504
0.15448813073054277
0.17316924631663635
0.18555737669246558
0.16965590689475937
0.201672730242171
0.20710080851023127
0
0
0
0.182926407828155
0.29012285043399294
0.07486801184634118
0.13110608046399427
0
0.008402136421880651
0
0.2953116770376088
0.052638607609532165
0.2497972283135033
0.24988394983566053
0.2491974333859543
0.24925680662738775
0.20912289179690435
0.14773820202450758
0.19596181666892493
0.24822800890258667
0.2448584066808876
0.24849809356863056
0.24893510116955891
0.23642245681733895
0.17233938836351326
0.2361193014874325
0.24795727479747046
0.2478496608224665
0.2477228736869505
0.24788600891303134
0.24800754986453402
0.24868674075190092
0.24820411162011227
0.24817395969855374
0.2480254053380672
0.24799102706921936
0.24885725795002714
0.24967235525358267
0.2474745461627047
0.24956395594696573
0.2488777860023971
0.24930801357066068
0.24937471187904614
0.24067593772276732
0.2541918062044136
0.2657850274590223
0.24660621500250743
0.25253324862056764
0.24875757412803962
0.2493793746783704
0.2487673926588803
0.2492277562401504
0.24970155897251312
0.2496046658974979
0.24985969234355115
0.24965265368673295
0.24925375361505303
0.24889259411318385
0.24876136645611138
0.2493404827221581
0.24926318717621712
0.2503575016822882
0.24986145892194309
0.24965768373142364
0.25016023252708885
0.25019814041607
0.2503315745233991
0.2500447327939083
0.25002677918653343
0.24990773182980686
0.24972629532181922
0.2500094956632443
0.2506090196218402
0.2522670884535531
0.25100958128929646
0.25175952909534205
0.25128611522706956
0.2509633197896225
0.2513082867589586
0.251128237981568
0.2510170882877176
0.25069755393250803
0.25071088441075556
0.2511146114076622
0.2507385377263651
0.24923490489328523
0.25009810719654674
0.24996155319894506
0.24828298438401838
0.24747137524301938
0.24723710353397155
0.24867957633992585
0.24914806568603576
0.2507322601245386
0.2509184278603451
0.24975802222700078
0.25240216993408077
0.25229049640760004
0.2561298793172733
0.2507933954775486
0.2503839137411204
0.2499736179938427
0.24995208268239844
0.24829372387649734
0.24923072669524513
0.24787748444965818
0.24611814672578944
0.24673308049616205
0.24580114414915896
0.24761719961030842
0.2494484375785942
0.25049641531680333
0.2464227721600024
0.24873915660684065
0.24909910769718221
0.24886915432112192
0.24915131485558129
0.2500702737375514
0.2501273691720148
0.24938901917829648
0.2512061486029884
0.2507557840005725
0.2506954300835061
0.24985183314006748
0.24947384218526186
0.2499305323172699
0.24959202822720758
0.2505574297801689
0.2495572191604489
0.2493323333282486
0.2506860285359888
0.24877332948503664
0.2504402833988874
0.24944520167232395
0.24883400372050507
0.2480338743785221
0.2482777070103759
0.2483868275537598
0.24917391605583253
0.24929534948528786
0.24891120127710914
0.24878308175783703
0.24956767901935406
0.24717953454854774
0.24905353628765065
0.24746757610843298
0.2460874728490182
0.24693173391843637
0.24597824073402694
0.24734583744810382
0.2479658287015221
0.24806717381716237
0.24792969120803404
0.24858736447217766
0.2507351531766711
0.2502199212208789
0.2580478215079176
0.2674342608618784
0.2500357108508858
0.24767856840267302
0.2437901355290343
0.2401336444196672
0.24170545291307077
0.23279875208622838
0.18797923570012987
0.2304272344717036
0.24204487941497188
0.21390579057995046
0.19222568029779333
0.24836715640923765
0.11323047213739375
0
0
0.10898653197103571
0.0865034696986436
0.6166492783171983
0.7109913146471131
0
0.12472118492283843
0.1989773209759199
0.36173381637508534
0.1969772628007678
0.37167864798253253
1
1
0.725097107890846
1
1
1
1
1
0.15681922659452502
0.16926149559391515
0.2324121063463574
0.4692136109452924
0.21725444579536632
0.5359594580803725
0.40241131218235204
0.6488302271233498
0.8328365258648389
0.7164687759654339
0.1937057734056168
0.23389651067381367
0.2226210310626851
0.25666286410058076
0.24607044445828863
0.2943669772776901
0.44421259429670396
0.3446964622772605
0.13164992480316862
0.20120649162741008
0.5216663837014082
0.5391055150577507
0.351215932319205
0.6130676205002513
0.29579120800938513
0.650183614990595
0.7432592790226479
0.7739544137032414
0.8645215797490761
0.7294441528960489
0.5728305056212969
0.4613424810808632
0.4385854983451775
0.6733926318179292
1
1
1
1
1
0.23057366134412735
0.7378797430536034
0.45293982333289096
0.6646481311000053
0.5305542318618194
0.770806652955061
0.47620523548158505
0.24219530681804705
0.24944016668519603
0.2437169242686482
0.24570733718692725
0.2482219406642223
0.2517987636464261
0.2504952673154876
0.24790230743247688
0.24789959291806815
0.24779742766187648
0.24795897123386096
0.24793416557407733
0.2480051367244794
0.2479884350227372
0.2479712204575725
0.24765342397244475
0.247831556188239
0.2477375860106204
0.24759629526728066
0.24728675864966737
0.2475121227412028
0.24735349248706162
0.24764655787523637
0.24765698573833236
0.24744216112582626
0.24741351220738103
0.246436361046089
0.24560363507063598
0.24645998701554914
0.24550065457417453
0.24490254762381894
0.2453075723975249
0.2452174975938657
0.2445121400163181
0.2453796375164772
0.24640097147334203
0.2464007916824417
0.24483410409516707
0.24484111524036825
0.24649849272977026
0.24618170091240915
0.24532240819168602
0.24547879110709392
0.2450910333525554
0.24655104915445247
0.24394825350577834
0.24516089353046375
0.24329696301408785
0.24256835155551407
0.24436371596096165
0.2296710952904243
0.2174801833839421
0.23375266513770604
0.2328323533156289
0.23129571335464924
0.23185632745531548
0.2236929909135515
0.22857693299265955
0.2253074055332218
0.2301946476968055
0.2319989706995899
0.22615929325602674
0.24809375637171963
0.24821050869158415
0.2480490514772098
0.24834847657654308
0.24866438199899873
0.24869698332125498
0.24830796427641108
0.24813069631362353
0.24784411510277443
0.24811168299087816
0.24778157719793287
0.247670122897621
0.24738975621673095
0.24754731988127293
0.24747817366448202
0.24791867908146029
0.2468422370024232
0.24559009107219115
0.2474435360078353
0.24487129165147503
0.2466716374893523
0.24743503435677278
0.2463745328483288
0.2457898064784728
0.24532834065769651
0.24434526514770336
0.2442462298978813
0.2465866986628709
0.24450608964241813
0.24432069961285713
0.24213884115029624
0.2428620758842308
0.24167621137793707
0.24207036256011483
0.23983359849939087
0.23976018246515343
0.24373608480142822
0.2393371550415813
0.2388140869391175
0.24038163328954265
0.24864886060769642
0.24863699269079834
0.24870499758798886
0.24879061731571792
0.24867268910779852
0.2509553639703713
0.24767109146323626
0.24725276717626418
0.2520047362164922
0.2511972194282673
0.2481375118209739
0.24729446285491904
0.2479491506915856
0.24749914310882576
0.24756372834198628
0.24738164177532548
0.24715442632450196
0.2476110781379675
0.2478412723955811
0.24766487957294805
0.2474387327575101
0.2473937709423966
0.24750606923156146
0.247317955771362
0.24717333512327289
0.24713942176195092
0.24728642991895608
0.2469807294456295
0.2472067473215542
0.24732031630447157
0.24707712553959135
0.24699778032405798
0.246226406217367
0.24576122511859402
0.24645023047480316
0.24545171065727048
0.246039751024994
0.24632555281033974
0.2454388248951758
0.2469076855382501
0.2467029282211609
0.24593769826705392
0.24612001451902166
0.24690418022245472
0.24768916281675418
0.24838823131508572
0.24768758245539124
0.24843514094958583
0.24939697374917794
0.17920318375822158
0.2432296021029291
0.22266641373374635
0.24914682696464166
0.24804221497520132
0.2469196453104633
0.24818896943133403
0.3429041984153698
0.4473713515115091
0.4424146404757871
0.3051820437362204
0.24807962066477102
0.29850935351119195
0.25766146100383946
0.2830124802414969
0.19502678981457836
0.19032632696983767
0.23842581550230693
0.2350617258155187
0.24907441469700595
0.24791431698594213
0.2366024409932733
0.24765580201185772
0.2470931616081432
0.24696289284058734
0.24721891380201136
0.24750192927023854
0.2472403804218163
0.2476592524182879
0.24744021308455558
0.24744316953956091
0.2472821374904613
0.2472983879098451
0.24738170321262362
0.23811676390236988
0.24788952827022254
0.24804499429730348
0.24780564438485977
0.20431054795055756
0.2077797175725262
0.24668208945073744
0.24682092670393566
0.2458541543904477
0.24557027249525115
0.24598845935613667
0.2461310087372953
0.23064264595838235
0.22888619242526356
0.24769982686301342
0.24012536712979624
0.1372971147802362
0.14990990097389564
0.3997425462044816
0.7253551090700396
0.6872814147921231
0.38876590567842906
0.28765194469296085
0.2888145330860143
0.6111232796106313
0.9443563826750196
1
0.7196993978559193
1
0.9074174520493802
0.7850000809355595
0.992692208655224
0.761291493539128
1
1
0.7973261613245749
0.855385616399728
0.43369301234678925
0.672143655736742
0.7001380686459764
0.40431664074521345
0.3602122526192356
0.5378259028097376
0.6326853976193318
0.32921694506819854
0.2856386906263908
0.28877084622327476
0.3180888428697741
0.2778890360357642
0.20308972364337072
0.28924398647719457
0.2312675339954741
0.23370770908910457
0.23271622855924587
0.27485109893520815
0.3128924790349757
0.23736505692208124
0.21802874639262473
0.22663706830197908
0.2043039130413189
0.25774977652218484
0.24819637297187913
0.2477920237880119
0.2484903528664069
0.24743482426988433
0.24715576814129642
0.24747936206958027
0.24749129319907187
0.24709562988405892
0.2471047488913769
0.2471403369003479
0.4990287914228929
0.8647217585701441
0.8654976664000513
1
0.40448511483188015
1
0.8113226412213328
0.9482121023234252
1
1
0.7800240090847773
0.8542659493718059
0.46845590968675926
0.2721469990657781
0.4100536775354367
0.428277973692141
0.6129866479034494
0.9087485083875595
0.38706770485832737
0.38750399539085983
0.5582289656842238
0.863582609488867
0.5093147531249917
0.5440494996059849
0.39647160939052095
0.3133916271542641
0.3831496385942956
0.6714193080209523
0.417683105602028
0.5093729382666563
0.2498003004007178
0.21079294354723838
0.36409422604784136
0.23706310395752841
0.18374707326938272
0.23459028842316496
0.24130904501678632
0.23483205507223914
0.2411981210185853
0.24192378031182116
0.24535411029275497
0.2450646289190228
0.24605623462509163
0.24656523733054758
0.25030587669606297
0.2525563850509606
0.24807316690493209
0.25216295004013883
0.2513921491096283
0.25271686925827314
0.7810210151450984
0.7652938928649063
0.6751521535504715
0.8445417982639395
0.9400775260952887
0.8013949076738085
0.719010776238412
0.3164566436900232
0.4734539100659207
0.4719155545694751
0.2667102901021906
0.2780659827724234
0.38986614004156916
0.3721772846845186
0.3338200657379387
0.31125055412275565
0.2659989668552192
0.2898912160548072
0.2549602033400444
0.24165340154676482
0.1788838271732395
0.2318780237898837
0.22338650042268127
0.2406343313255477
0.27768356508043374
0.23152916278111021
0.19409328001036197
0.1537609704512766
0.08462689775132629
0.09237369381444686
0.11357952331562216
0.2476279354990031
0.24765663918702036
0.24784667186443785
0.2478844182197174
0.24689038891262752
0.8180868050041613
0.906420164901632
0.7491443640190902
1
0.8412495471677377
0.7409820927375367
1.0
0.8458102214910279
0.5683272585895466
1
0.5027474243242791
0.5259783527092486
0.24862854850787952
0.24884944137105053
0.24858261040693969
0.24874601720865233
0.24867852911404448
0.24841184219538318
0.2479918094842913
0.24834064950371557
0.2480771547317423
0.24793853461892176
0.1804051825094979
0.38937174409384917
0.4617748063814086
0.09788832929141782
0.10680433957297239
0.15625857048773367
0.18421315295279042
0.1656151028544585
0.229266991195537
0.23016203919786948
1
1
1
1
0.6225499893350254
0.3258313099270357
0.9104308937029287
0.24876654606319304
0.24863371352476252
0.24881036137988194
0.2486875209288637
0.2487203067692744
0.215796427655908
0.25315519810378184
0.43571614601373043
0.35542273909475697
0.2872947596336449
0.4076065292683527
0.2503163419588273
0.2528532126756345
0.2546307690823283
0.24976693705883035
0.24879210276241212
0.2537566717280706
0.2536755774634378
0.22618228222622624
0.24782510449887846
0.24868865013479602
0.2480145366351978
0.24865415135782643
0.2487340326649673
0.24182065905730807
0.2405329723624811
0.22867597214243215
0.23794591692347025
0.23570132881371172
0.20855703197727718
0.22670867535432193
0.2362725124102812
0.1910526532081138
0.23914752888911342
0.23626798660931542
0.20323617977642097
0.2148509556485882
0.2142784113475502
0.28644165323200976
0.21245943506481715
0.24872108197404208
0.2668390184868272
0.30305954968926113
0.3372625379154878
0.27600790066136166
0.1822203091972334
0.18921523280540045
0.20736366710819806
0.24134888680510824
0.3663826511477279
0.446633361504219
0.3310893578141708
0.35550678977834954
0.21221752634486166
0.3989241062844981
0.423553953251102
0.28935231549743295
0.32614538682488575
0.22813847220776573
0.2485973667388347
0.24779993840689787
0.23476719068613053
0.2483739115769459
0.24782727310265001
0.24722455907283247
0.24764572922431966
0.24796702340452284
0.24835186839235115
0.24674122003278812
0.24833227556355972
0.24847889929519437
0.248646384963388
0.2484084056910715
0.24870650890938958
0.24855008736924328
0.24849967089223957
0.24881813562514468
0.24873971547389406
0.24852550338690638
0.24818379236622584
0.24771549860093392
0.2478585507487186
0.2484533543756076
0.24882048445505606
0.22895457323969914
0.24538732577379188
0.24918782738086814
0.23923146795195727
0.16975410271257682
0.2041757108160792
0.20154733092972138
0
0.00346902330943009
0.16357740272086316
0.09255251663467769
0.24889423295551394
0.24892228542002393
0.24896816959564774
0.24895390626263783
0.24896325987186155
0.24888543026258914
0.24880662303489492
0.24939047438420225
0.24990893225330274
0.24858904001799734
0.24884761340575826
0.25006992845136083
0.24965722686455258
0.24881903770851604
0.24889848112920357
0.2493950523215819
0.24928635241000055
0.2485173769314097
0.24862356746515038
0.24915209251833376
0.250305035714684
0.24897202169392627
0.2486094896036325
0.24975057179117252
0.24859212651509327
0.24776461885055634
0.248177542573073
0.2478673143402872
0.24778248437512448
0.24690558450619202
0.24754470473948872
0.24780343473479655
0.24768365161698466
0.2485559985255087
0.24916670597090235
0.2485248915936326
0.2477001117170375
0.24637171280479556
0.2465739748083867
0.24699789344025505
0.24658149241322563
0.24531136925947197
0.24595396946469053
0.24544927409072206
0.246994648534231
0.2477694918225016
0.24773746421338877
0.24621994492512322
0.24415437735159684
0.24359905132535567
0.2443462488974921
0.2431024373818904
0.2466515383549832
0.2517139883405568
0.2480861968333514
0.2504135364702934
0.2475735322003013
0.24967531357287895
0.2493235740120755
0.2492008404743862
0.24927676098705584
0.2522221653905777
0.25452545923911274
0.24876272348100195
0.2526445160381957
0.2491505117709029
0.2493127771694906
0.2495556771473579
0.2489268163402431
0.24820693592994755
0.24823456296098909
0.24857083601449692
0.2476686797078311
0.24761403514091676
0.24759747298768958
0.2473649225443714
0.24719939578852188
0.24773845356412263
0.24804593936602737
0.2483234590582875
0.24801152176142258
0.24779722000170679
0.24750406266779282
0.24717437166839523
0.24750909989785838
0.24717615784297198
0.24675211110950268
0.246432007103876
0.2469574780680212
0.24634005879696672
0.24695161955819137
0.24709653830502795
0.246576861153647
0.24654039957174942
0.24607385679315993
0.2468326233383006
0.24609673579490815
0.24671943797812057
0.2463809344944071
0.17943100120251124
0.23626902073371744
0.24590747469262456
0.24438769227364132
0.2446033290603636
0.24451777735731228
0.24425759695985372
0.24500087618325284
0.15814302982892017
0.06779360473313319
0.2436206567517778
0.24652209382003681
0.24023065108010985
0.23009407008825758
0.2503430668386472
0.24774049241588333
0.2514077618258852
0.24899849242839595
0.24013677869328623
0.24428647389779376
0.24906863743741497
0.23851352645194315
0.28652710258251035
0.28360077941025535
0.3813517823938953
0.2801029571942086
0.3151328007146546
0.4273137680063362
0.4107211425076415
0.47154519804255723
0.5304156987378855
0.8539147891187916
0.5106517921611033
0.5440841523162064
0.4530172689013777
0.4493341512140831
0.6421456192303862
0.3854768457202367
0.2958384303104634
0.21481970092463581
0.22507367508608397
0.2915130684979121
0.32778019824487037
0.28833536692206224
0.3141242267067841
0.35848949149956827
0.3579107230317232
0.2942366874314726
0.29823267938361586
0.3430298223822324
0.2740971144981024
0.25417437520982683
0.344353290061767
0.35907572306561003
0.3364408177097524
0.3332675421297915
0.308843342238022
0.4949993112818055
0.4294116631879522
0.3281091328943692
0.3588354208915128
0.3097336543477316
0.3455124448618134
0.3789473967458591
0.40481172659099585
0.38554846507536766
0.43199047333107726
0.3790721658920638
0.42196591871159633
0.3576637727028868
0.36219630023564037
0.4494824820122547
0.4911897054190135
0.4082663349916322
0.3885507543712809
0.45732939108709636
0.3073220772432325
0.5343586837101174
0.6330609388298059
0.2008585706357833
0.2152394617013185
0.19473673919948714
0.5561116658816369
0.2225169625779018
0.49374246499533825
0.30633893403661205
0.24846850975358842
0.24546694662478888
0.2480273500576173
0.2473996545190048
0.24687978739453037
0.2458796940883689
0.24961434565143267
0.2492938520609302
0.2492614904292253
0.24947751685963218
0.24937329493212465
0.24918217925738187
0.24901038799404998
0.24890522496345852
0.2491577815787922
0.24874734468681564
0.24885125248320675
0.24939024960868358
0.24908718646238692
0.2490837239290003
0.24858003807238047
0.24814068641051043
0.24846230811993378
0.24865172390997337
0.24879288063583266
0.24799760516846536
0.24867925369291016
0.24794399718028734
0.24701299881195396
0.24830005537736843
0.24764925826774092
0.24743988750219292
0.24703448541881778
0.247807419231056
0.24646512645129118
0.2466393767193703
0.24871583944498918
0.24932675026151477
0.24901287775245262
0.24910248813266686
0.2489793131331997
0.24781086485395792
0.24869190135536226
0.24869540658347872
0.24971856427756794
0.2515517925597618
0.2510508674512783
0.24915419077700146
0.2537965785099725
0.25233335921142147
0.25135316268709285
0.2492140452620932
0.25240641913292844
0.24618638206050342
0.248914447099667
0.24649485512871308
0.24294154001194365
0.24332061065520008
0.24839950862390586
0.24897486769421404
0.24830594846310983
0.24902133144870123
0.24954952683919837
0.24928892483795612
0.24922563313639642
0.24930478150897642
0.24949887696806092
0.24936826458866898
0.2490025038121918
0.24864730988085273
0.24883130285463273
0.24906490476563733
0.24897887719208414
0.24914253533833994
0.24917105945196155
0.2497969566459099
0.24903329736035543
0.2489982986801363
0.2497491436707291
0.25040708418731994
0.24997879483868482
0.25077473119570676
0.2513499156522179
0.24878228817753328
0.24846463547983497
0.24823461058755775
0.24863620893952146
0.24853985740130563
0.24954643478241714
0.24892896644097554
0.24780139567290427
0.24800853908778356
0.24872545395138154
0.2475126866143609
0.2472657260010052
0.2493030926117163
0.2503960452673636
0.25092262332700005
0.2505098004343739
0.25079385476430116
0.24859748819744004
0.24820298324802462
0.24819859212733772
0.24819269779679792
0.24789524657349332
0.24842498843337402
0.2472318348741575
0.24653505380318505
0.25054512089042497
0.25144050411521246
0.2513223068162247
0.25057528099360366
0.25040312375543367
0.25139842002693846
0.24980528862312698
0.24988298991045294
0.24979363725731052
0.24963547508134837
0.24962518873754513
0.24973970083947047
0.24995406141732457
0.2501125520921219
0.24976302133613484
0.24961520596499462
0.24956998837716582
0.2497701581043495
0.24935813771689141
0.2494128178370533
0.24935291405168128
0.24904744030859893
0.249057718281815
0.24940251488147056
0.24976573075841882
0.2495880808681411
0.24964356204476526
0.2493687067499701
0.24914742543985224
0.24964964585935848
0.2490910327443465
0.24911721582307167
0.24886686032301558
0.24883164122694545
0.2490451470053134
0.2481262278065248
0.24846812837784318
0.24835845576619794
0.24840603592744984
0.24856519634969693
0.24863007975995202
0.2485087759199841
0.2485268436477308
0.2487087052874878
0.24858085396347393
0.24871181323725677
0.24844116708091804
0.24798096727607472
0.24733339337102875
0.24595559793786229
0.24305217241875365
0.24560308413161724
0.2450045293178326
0.24725256407941712
0.2467108450413223
0.24551019314271105
0.24541970007055314
0.25022137185992926
0.2499630587250125
0.22920734457108607
0.23480940199231548
0.2488504607090107
0.24953731726323838
0.24957280295579182
0.2506084252952897
0.24897236925833688
0.24864455368726956
0.24912553785559072
0.2493209907618276
0.24782270712887783
0.24807468039070693
0.24393553423156397
0.24811831452770203
0.24810360843324522
0.24908495255797453
0.24845444275172227
0.24874039978769846
0.24830485650817827
0.24849861877323134
0.24844247652478266
0.24851605920744507
0.24922139741959268
0.24913295220493414
0.24810688624917082
0.24870068150771646
0.24795523314543305
0.24733026792128437
0.2468809002751154
0.24642490701042616
0.2476240904988718
0.2468146123990544
0.24574329901370492
0.24674909288126723
0.3701408752513702
0.40162896717479923
0.3991857881319916
0.3876339772657135
0.36496974581313046
0.29236782993134425
0.3499109953888929
0.3838473686607812
0.6110276985167101
0.43639185923827045
0.46519091330533585
0.4857518020730233
0.3581629420627703
0.3363140524610621
0.37691012037734223
0.31764538184959695
0.31061034653252306
0.24320996873674497
0.32093355938065016
0.256485845123448
0.2976817784054748
0.2501314861626513
0.21510191108014373
0.23562589739429723
0.23438544076298465
0.24165144550037757
0.2704239358925535
0.22513930565728493
0.21867298193554557
0.23382143616710016
0.2267830306347357
0.23561596562222575
0.23269040783725486
0.24708001661753648
0.2472510173291484
0.24729626978227887
0.2502081200295405
0.24905125910543255
0.24947961529229296
0.24947974304238799
0.24962340086084797
0.2488928772875665
0.24894058685996062
0.24891311022104526
0.24950783758036343
0.24958594047642818
0.24915045224463797
0.248790437306326
0.21605618534004647
0.2607794943393526
0.12120446250414671
0.40849779175487705
0.20205937896994505
0.3217079029939821
0.38979273415196064
0.22904679585890772
0.2458167573168818
0.24762103599877125
0.22820057585659584
0.23328350726160782
0.2393083465735337
0.2261945490500854
0.3741001260771733
0.2746488122106074
0.3191662305223902
0.45513331978838834
0.40229985951248654
0.24743820612749529
0.24759393534137447
0.24738036411459224
0.24808447003194198
0.24048516148847981
0.23179628690900111
0.24685870474688273
0.19779454814430017
0.22910972106975025
0.25161415313832647
0.2487315411015453
0.25445002349506957
0.24653905451920613
0.247660506568155
0.24699540116966395
0.2438986116953694
0.24618746139976275
0.24567410669562184
0.24283867932380906
0.24435729118750502
0.25078020313149463
0.25140418112479634
0.25229626401074573
0.2492981437607904
0.250340451023483
0.24902704031340875
0.2505042884208459
0.24987757732366048
0.24969579602926084
0.2496346927373529
0.25080003905707715
0.25062399456514595
0.2503622945611092
0.2484169771684845
0.24860876159168915
0.36639828237611294
0.2885435292823945
0.2753581641801683
0.33369020177797254
0.33830481698941706
0.32300199267147206
0.2973186187557403
0.2692980417338411
0.2159793783651954
0.2760190790156293
0.2196393764787906
0.22995872883924426
0.22150029312676442
0.22026864555291426
0.23766611668930368
0.24902221595171217
0.24841944707141522
0.24796726171715697
0.24767089292250896
0.23681911983022738
0.24790477944785355
0.24727417445706784
0.2471773775677892
0.24749820327842437
0.2471525772745092
0.2472399865920644
0.24809792944335785
0.24962069662405595
0.2501009245878481
0.25073136800177676
0.2509791853945857
0.2501473624756567
0.3410638554175938
0.335924428627912
0.49426519814613235
0.4620060602161118
0.44464038734097394
0.5020054653526658
0.43762022120051014
0.3969369288073013
0.3556907823302118
0.28190498456371077
0.4197055458772739
0.24776013255559856
0.24834214013937042
0.24805370811788324
0.24810278323385382
0.24854563029918744
0.24830009483810414
0.24829730979875625
0.2498699670056127
0.24985596314681835
0.24971640096510492
0.6228277864497654
0.5573395299432817
0.30145111896780924
0.24024948936580912
0.2767629911088181
0.3865282540107792
0.2788891446099538
0.23474659092613215
0.24063711650362207
0.23833030660409518
0.25443725853945093
0.5784558334485173
0.7845995974371381
0.7472798600132592
0.5748810890393766
0.5717479229994268
0.24760349561380526
0.2475109232820409
0.24799054800340783
0.2481190177477674
0.24795941771125082
0.24719989959067967
0.24772429907779198
0.250966199822064
0.24479280433716688
0.24744251376592227
0.1938710279681498
0.24483233116837774
0.2465843633371108
0.2463177104872088
0.24343252284051237
0.2438070689290105
0.24424319661291383
0.24331433178059061
0.24285431929345958
0.2410348924372604
0.2407548272676267
0.24121178327535683
0.2514419224857531
0.2583853696312172
0.26316407600070657
0.24774141179086426
0.24600037340513173
0.2175463991158781
0.24179182291870743
0.24540286855239596
0.2454827813444104
0.2446608262000035
0.24364763944599183
0.24445686435452277
0.2475826638086085
0.24654057379440353
0.24615009446582806
0.24894630416632982
0.2504654060825645
0.2502195047923524
0.24843324378799636
0.2479688628755998
0.24931174904554537
0.24773533416112864
0.24879066212644416
0.24821450658528987
0.2475343912761753
0.24755941197588266
0.2492731753402107
0.24958540308012123
0.25168479872633714
0.2521184776101448
0.2506364943126372
0.25036820920865793
0.2519570062668209
0.24936410556807664
0.2522187829263725
0.2573652984660872
0.25345834180760024
0.249033842105835
0.30310514581334674
0.3651666907694982
0.3231483615665438
0.37214699540845897
0.3796732647066889
0.3943345015743966
0.3676219945704983
0.34820730800921973
0.3241812681470204
0.2849575761594319
0.2521272487573226
0.27908923783955464
0.24620073516245433
0.24783052179261067
0.2425276272950979
0.2425606941713781
0.23994465937726342
0.24497619761567627
0.23942263823210622
0.2475335005528579
0.23572108616324927
0.23825658397467406
0.24617156341484442
0.2484538842794433
0.25173634798341954
0.2515034315286864
0.2489122001759944
0.2495540089747893
0.24878648173755102
0.2523453079069526
0.24351947861069623
0.24602870159767057
0.2474746447053523
0.24373812846169027
0.2469360785292828
0.25028717972284137
0.251823166192161
0.24461303873661494
0.2535934118106819
0.2490227006681328
0.2488344428109843
0.24942663236281842
0.22095600118615202
0
0.040069123824618254
0.19465893250089794
0.2466565443299171
0.24753490573856216
0.2474520712309709
0.21335086622863378
0.17294250836996192
0.24905419534859927
0.24844645742747204
0.15478060128631158
0.20745849681244016
0.31014902515672393
0.27959901935611264
0.23349378508526394
0.11972635709501347
0.08971342800273994
0.22687501995118015
0
0.020162030299904272
0.03827165993868197
0
0.05802756428911686
0.3581342160984698
0.613558102745506
0.6412802722901363
0.2958971648627551
0
0
0.3228032094167431
0.1625574626754142
0.540217834349623
0.4664478145943002
0.08655325674359067
0.5399926268412228
0.37547531886426855
0.8883617548606849
0.7953447592742987
0.3888910557917547
1
1
0.6413848083429866
0.24959666101336633
0.24874311772063934
0.24901711989648048
0.24922000216675233
0.24946741694079597
0.24822636464597847
0.24868405761023957
0.24885170303117965
0.24954899947908263
0.24983572152355835
0.24973198050555784
0.24936519966159726
0.249145555458943
0.2492295154496784
0.24919378117058913
0.24916078723542334
0.24949938420337717
0.2494569546038584
0.24931731499754486
0.24941634883689848
0.24916871645805186
0.2490031610149435
0.2491441659497633
0.24917733218051863
0.24933059011854022
0.24920051585594144
0.24952023181309121
0.249375769108856
0.24974368296097899
0.249554765880951
0.24950796878260437
0.24941072265468753
0.24940367615200773
0.24937563696010878
0.24946318908922152
0.24938474866983087
0.21304005369794066
0.24917364716966095
0.24873952233795832
0.06939514706041161
0.1691279637844082
0.25064726568379986
0.24989383476245977
0.18410749042006336
0.15213609984902784
0.21435068085642045
0.16323980006613342
0.14296992605511033
0.20987623779725825
0.1797918156599438
0.24622603073838759
0.23930223963657524
0.2655659244528393
0.6900285462848154
0.7470916082739107
0.7396837288663143
0.7482429783540026
0.24025708248216243
0.23545565888327438
0.22045100640981638
0.31517347348723107
0.2663422399421363
0.274054154409776
0.23982812641498488
0.243685789145122
0.25580379993292807
0.25128195088150057
0.24903387490800327
0.24696323015912092
0.24920149666423425
0.24930332898187663
0.2491912075564717
0.24880800949494622
0.24913923502716087
0.24945270224012014
0.24923762194814325
0.24921003742068662
0.24939882498886318
0.249261062866602
0.24885147405901367
0.24915511448554759
0.24914900451435956
0.2491543981125665
0.24948950733019615
0.2502208370426973
0.24978191988425055
0.24868395060682427
0.24816318126154607
0.2479058074411243
0.19676766123563857
0
0
0.1420778795720101
0.015844147531881916
0.12442751026581929
0.26982888296290775
0.1418104716954044
0.29000707481035476
0.34445061875615585
0.3707017193469877
0
0.5008482006739753
0.04354726268245281
0.03496879977881512
0.25197275015490567
0.2959662580797229
0.2768081819433058
0.35798768986807994
0.30534257344492416
0.5801418234611885
1
0.9842325538421401
0.9947480157384865
1
0.7457641588369113
0.40205567233755807
0.7038830803026258
0.49797328288062337
0.3636613598854795
0.29604213225992293
0.14575038405183227
0.26654315399403034
0.4949228904205634
0.4975816927106657
0.8683126090180702
0.1651940256452604
0.14311187085872012
0.3646226460205408
0.363301760377039
0.23119727955075797
0.059983255291589925
0.25462030530848695
0.25131523078541584
0.25280418756301704
0.22203003224238882
0.255783507099
0.27563092565078784
0.2012215167805523
0.36562334597367013
0.38844131762878387
0.37279006621973537
0.49059440560110745
0.33291548337069443
0.23955350248282933
0.32079638505944846
0.18046497368511186
0.1202443914557208
0.17126514021015388
0.133688934755161
0.1735424516296695
0.18123844921219792
0.19646060972523516
0.21962048563093478
0.23944796708537333
0.17245755117709263
0.24432743030985943
0.2445351435201196
0.23714990658974722
0.24204161469926552
0.24204450617828052
0.24566835708884235
0.2609497622588523
0.2518726555145853
0.08629356555489544
0.273528965261763
0.13239912823698005
0.15352486952848912
0.24924384944244055
0.2494160902596782
0.24879869831574633
0.2491902831862465
0.24661481252158957
0.24083651032415618
0.2708366098210212
0.21996204497056726
0.6375249351663496
0.2336175148949184
0.26773765170392666
0.24914215390158956
0.04391672946140511
0
0.09174029976752994
0.37576371553283106
0.2424930485423097
0.2442836536719415
0.24714939507620967
0.25070430885517575
0.3062722446837287
0.3120356714466621
0.3159061222145999
0.2643103231734264
0.5593639282552424
0.44513590321703084
0.3577549810888547
0.2746705760055728
0.4090280089704638
0.5342086089309505
0.2491502577902945
0.24929008287176746
0.24924129816309673
0.24490133841857922
0.24930789579739315
0.2498607221661396
0.2501172405271155
0.2501162118383681
0.24873541555344408
0.2491831992045823
0.249410236983854
0.2493100093725988
0.24922953215944632
0.24915759248258626
0.640233660165342
0.7870773607471313
0.79827019734094
0.6129789245866357
0.24844044521500258
0.24862727326365766
0.24913876072042698
0.24903452188846337
0.25207554296689433
0.2528457058599353
0.25325398610758115
0.25305661462211915
0.27781107226824675
0.31528229482489184
0.3087339833395926
0.4971356328633774
0.6350909228001664
0.6183949525914121
0.6796842875102393
0.7159250560788747
0.2513696856977698
0.2508403373059674
0.25043992164018003
0.2516924330779351
0.2520614215804413
0.2522844624545487
0.24903301272079184
0.2523860377895011
0.24786009710733087
0.30628763114750873
0.6818275265649494
0.4292834024470652
0.5672905250888247
0.27998937139242475
0.5849302922890728
0.7081648757281022
0.8138938985268661
0.7172821906703584
1
1
0.8100379561267329
1
0.7353573893709248
0.7210777112207394
0.7140405511378476
0.5225772256503103
0.6259126508980746
0.6204913374654245
0.2509516898285669
0.25067016636011263
0.2504776034684617
0.25057204307742514
0.25098852703368696
0.2499013131694792
0.24851311603392062
0.24600964751227442
0.23547599307863548
0.21015446235076865
0.2346044909129404
0.25201659398963555
0.25317831159800025
0.25363450599811066
0.24963716962357024
0.24950522780471776
0.24921536476452028
0.2487116482069452
0.38210456433087064
0.2656239226976551
0.40199668352867074
0.16740899472460352
0.2944367309854072
0.32987776201249
0.30128658783451967
0.302480796440684
0.21356099968796025
0.2488666729526345
0.24702799874302991
0.24946241338819192
0.24725130335510204
0.2473329339844146
0.26212774578503256
0.30864959647711454
0.31380373569426506
0.264948689329516
0.21099369280974015
0.22636374255137218
0.22305898584801487
0.25195644825070096
0.23177446799917656
0.24731052270147796
0.2476108609310287
0.24770350795595475
0.2510346602935135
0.24931684096938944
0.24917768245884742
0.2489893664757212
0.2492349227758398
0.24475974891257254
0.23327795739228507
0.24874229687123967
0.21463068420077067
0.2542875049071854
0.2607769858144933
0.4042611560403545
0.24895677220363774
0.24892036305475476
0.24892737020993466
0
0
0.21414359166581917
0.6752271801900727
0.9179242854251771
0.731348212942659
0.5822324446807349
0.24894601462576862
0.24460985477166708
0.2468204063537006
0.2491626203380937
0.25610476200251053
0.2530141325768322
0.25293756077083984
0.24901446864846144
0.24893409291471394
0.24889580196259642
0.24868202193150027
0.24863758588942697
0.2664105636331958
0.2498555877654644
0.24721730966016542
0.2475709937892695
0.24973358359561135
0.2507210071312424
0.2497154158563674
0.23806402299059806
0.24903525406901283
0.24906412916122264
0.2490092535364873
0.21971148240822358
0.2262820167910902
0.23450499631473115
0.24237993915069278
0.23540956223067186
0.2605047971320448
0.2512023987294238
0.25976262714217113
0.2731141450282702
0.2574718411777669
0.2259211992760357
0.22374164030247307
0.24279717170169454
0.24882155611973597
0.24880807689113307
0.24870707215247442
0.24864987617512446
0.24871186061535008
0.2487020514143395
0.24869801423902585
0.24868963962434443
0.2487179776982567
0.24880353212916662
0.24921201527546702
0.24822889024585398
0.24852819268686543
0.24886930790171682
0.204590113744168
0.23657898250418258
0.22286993684047976
0.2768583556292229
0.3602675232063276
0.4018752835370726
0.2436453840744734
0.44130034260162987
0.5483047666647594
0.24885157660909346
0.24840119056464496
0.2241372236449642
0.23655834677245843
0.6738505739409097
0.24913637854855317
0.24811950095474972
0.23624511053221733
0.2381293913355789
0.2452079603647631
0.23303747658996024
0.35337351947094575
0.2957806456768736
0.28337343256608644
0.2503190947915957
0.2790372409632186
0.3334943891030224
0.42865307133038044
0.2925052325679812
0.19839028741045045
0.2493105693102167
0.24909458303006632
0.06259648551226177
0.3395888276107593
0.5175936135275936
0.2495112010372724
0.24934618196616132
0.2491897071844466
0.2418371007793509
0.24248137309827944
0.27809822175420734
0.2139177572009083
0.7427236393852409
0.5165809813415406
0.10388493849084218
0
0.07617714330716681
0.36403710101103365
0.45275076450763857
0.3205860490102148
0.29268381400585486
0.24610107662851
0.23871488850457237
0.23782743352814553
0.2430327572876907
0.25316940077196687
0.25264959717378355
